12:01:41.704 | 08 | 0000 | 65 73 63 61 64 61  |  -47
12:01:41.911 | 08 | 0001 | 65 73 63 61 64 61  |  -48
12:01:42.108 | 08 | 0002 | 65 73 63 61 64 61  |  -48
12:01:42.309 | 08 | 0003 | 65 73 63 61 64 61  |  -46
12:01:42.521 | 08 | 0004 | 65 73 63 61 64 61  |  -47
12:01:42.731 | 08 | 0005 | 65 73 63 61 64 61  |  -44
12:01:42.968 | 08 | 0006 | 65 73 63 61 64 61  |  -52
12:01:43.216 | 08 | 0007 | 65 73 63 61 64 61  |  -47
12:01:43.477 | 08 | 0008 | 65 73 63 61 64 61  |  -46
12:01:43.732 | 08 | 0009 | 65 73 63 61 64 61  |  -45
12:01:43.974 | 08 | 0010 | 65 73 63 61 64 61  |  -44
12:01:44.253 | 08 | 0011 | 65 73 63 61 64 61  |  -45
12:01:44.491 | 08 | 0012 | 65 73 63 61 64 61  |  -45
12:01:44.737 | 08 | 0013 | 65 73 63 61 64 61  |  -45
12:01:45.001 | 08 | 0014 | 65 73 63 61 64 61  |  -48
12:01:45.193 | 08 | 0015 | 65 73 63 61 64 61  |  -52
12:01:45.413 | 08 | 0016 | 65 73 63 61 64 61  |  -50
12:01:45.634 | 08 | 0017 | 65 73 63 61 64 61  |  -52
12:01:45.827 | 08 | 0018 | 65 73 63 61 64 61  |  -52
12:01:46.060 | 08 | 0019 | 65 73 63 61 64 61  |  -50
12:01:46.318 | 08 | 0020 | 65 73 63 61 64 61  |  -47
12:01:46.580 | 08 | 0021 | 65 73 63 61 64 61  |  -46
12:01:46.838 | 08 | 0022 | 65 73 63 61 64 61  |  -46
12:01:47.069 | 08 | 0023 | 65 73 63 61 64 61  |  -46
12:01:47.325 | 08 | 0024 | 65 73 63 61 64 61  |  -48
12:01:47.552 | 08 | 0025 | 65 73 63 61 64 61  |  -48
12:01:47.748 | 08 | 0026 | 65 73 63 61 64 61  |  -48
12:01:47.968 | 08 | 0027 | 65 73 63 61 64 61  |  -47
12:01:48.200 | 08 | 0028 | 65 73 63 61 64 61  |  -49
12:01:48.413 | 08 | 0029 | 65 73 63 61 64 61  |  -50
12:01:48.634 | 08 | 0030 | 65 73 63 61 64 61  |  -49
12:01:48.819 | 08 | 0031 | 65 73 63 61 64 61  |  -50
12:01:49.031 | 08 | 0032 | 65 73 63 61 64 61  |  -50
12:01:49.265 | 08 | 0033 | 65 73 63 61 64 61  |  -50
12:01:49.480 | 08 | 0034 | 65 73 63 61 64 61  |  -50
12:01:49.706 | 08 | 0035 | 65 73 63 61 64 61  |  -50
12:01:49.952 | 08 | 0036 | 65 73 63 61 64 61  |  -50
12:01:50.180 | 08 | 0037 | 65 73 63 61 64 61  |  -50
12:01:50.374 | 08 | 0038 | 65 73 63 61 64 61  |  -49
12:01:50.621 | 08 | 0039 | 65 73 63 61 64 61  |  -49
12:01:50.860 | 08 | 0040 | 65 73 63 61 64 61  |  -49
12:01:51.128 | 08 | 0041 | 65 73 63 61 64 61  |  -49
12:01:51.351 | 08 | 0042 | 65 73 63 61 64 61  |  -49
12:01:51.601 | 08 | 0043 | 65 73 63 61 64 61  |  -49
12:01:51.795 | 08 | 0044 | 65 73 63 61 64 61  |  -49
12:01:52.003 | 08 | 0045 | 65 73 63 61 64 61  |  -50
12:01:52.228 | 08 | 0046 | 65 73 63 61 64 61  |  -50
12:01:52.439 | 08 | 0047 | 65 73 63 61 64 61  |  -50
12:01:52.678 | 08 | 0048 | 65 73 63 61 64 61  |  -50
12:01:52.899 | 08 | 0049 | 65 73 63 61 64 61  |  -50
12:01:53.112 | 08 | 0050 | 65 73 63 61 64 61  |  -50
12:01:53.345 | 08 | 0051 | 65 73 63 61 64 61  |  -50
12:01:53.579 | 08 | 0052 | 65 73 63 61 64 61  |  -50
12:01:53.774 | 08 | 0053 | 65 73 63 61 64 61  |  -50
12:01:53.997 | 08 | 0054 | 65 73 63 61 64 61  |  -49
12:01:54.225 | 08 | 0055 | 65 73 63 61 64 61  |  -50
12:01:54.464 | 08 | 0056 | 65 73 63 61 64 61  |  -49
12:01:54.715 | 08 | 0057 | 65 73 63 61 64 61  |  -50
12:01:54.934 | 08 | 0058 | 65 73 63 61 64 61  |  -50
12:01:55.149 | 08 | 0059 | 65 73 63 61 64 61  |  -51
12:01:55.352 | 08 | 0060 | 65 73 63 61 64 61  |  -51
12:01:55.535 | 08 | 0061 | 65 73 63 61 64 61  |  -50
12:01:55.753 | 08 | 0062 | 65 73 63 61 64 61  |  -50
12:01:55.974 | 08 | 0063 | 65 73 63 61 64 61  |  -49
12:01:56.218 | 08 | 0064 | 65 73 63 61 64 61  |  -49
12:01:56.478 | 08 | 0065 | 65 73 63 61 64 61  |  -48
12:01:56.721 | 08 | 0066 | 65 73 63 61 64 61  |  -48
12:01:56.957 | 08 | 0067 | 65 73 63 61 64 61  |  -49
12:01:57.175 | 08 | 0068 | 65 73 63 61 64 61  |  -48
12:01:57.407 | 08 | 0069 | 65 73 63 61 64 61  |  -49
12:01:57.613 | 08 | 0070 | 65 73 63 61 64 61  |  -49
12:01:57.834 | 08 | 0071 | 65 73 63 61 64 61  |  -49
12:01:58.067 | 08 | 0072 | 65 73 63 61 64 61  |  -49
12:01:58.300 | 08 | 0073 | 65 73 63 61 64 61  |  -49
12:01:58.540 | 08 | 0074 | 65 73 63 61 64 61  |  -49
12:01:58.775 | 08 | 0075 | 65 73 63 61 64 61  |  -50
12:01:58.998 | 08 | 0076 | 65 73 63 61 64 61  |  -50
12:01:59.188 | 08 | 0077 | 65 73 63 61 64 61  |  -49
12:01:59.431 | 08 | 0078 | 65 73 63 61 64 61  |  -49
12:01:59.633 | 08 | 0079 | 65 73 63 61 64 61  |  -48
12:01:59.855 | 08 | 0080 | 65 73 63 61 64 61  |  -50
12:02:00.133 | 08 | 0081 | 65 73 63 61 64 61  |  -51
12:02:00.383 | 08 | 0082 | 65 73 63 61 64 61  |  -52
12:02:00.599 | 08 | 0083 | 65 73 63 61 64 61  |  -54
12:02:00.791 | 08 | 0084 | 65 73 63 61 64 61  |  -49
12:02:00.996 | 08 | 0085 | 65 73 63 61 64 61  |  -48
12:02:01.228 | 08 | 0086 | 65 73 63 61 64 61  |  -50
12:02:01.447 | 08 | 0087 | 65 73 63 61 64 61  |  -48
12:02:01.676 | 08 | 0088 | 65 73 63 61 64 61  |  -48
12:02:01.901 | 08 | 0089 | 65 73 63 61 64 61  |  -48
12:02:02.120 | 08 | 0090 | 65 73 63 61 64 61  |  -48
12:02:02.349 | 08 | 0091 | 65 73 63 61 64 61  |  -47
12:02:02.570 | 08 | 0092 | 65 73 63 61 64 61  |  -47
12:02:02.804 | 08 | 0093 | 65 73 63 61 64 61  |  -47
12:02:03.035 | 08 | 0094 | 65 73 63 61 64 61  |  -46
12:02:03.247 | 08 | 0095 | 65 73 63 61 64 61  |  -47
12:02:03.477 | 08 | 0096 | 65 73 63 61 64 61  |  -47
12:02:03.673 | 08 | 0097 | 65 73 63 61 64 61  |  -48
12:02:03.911 | 08 | 0098 | 65 73 63 61 64 61  |  -48
12:02:04.155 | 08 | 0099 | 65 73 63 61 64 61  |  -48
12:02:04.373 | 08 | 0100 | 65 73 63 61 64 61  |  -48
12:02:04.585 | 08 | 0101 | 65 73 63 61 64 61  |  -47
12:02:04.800 | 08 | 0102 | 65 73 63 61 64 61  |  -48
12:02:04.984 | 08 | 0103 | 65 73 63 61 64 61  |  -48
12:02:05.205 | 08 | 0104 | 65 73 63 61 64 61  |  -47
12:02:05.453 | 08 | 0105 | 65 73 63 61 64 61  |  -48
12:02:05.673 | 08 | 0106 | 65 73 63 61 64 61  |  -47
12:02:05.917 | 08 | 0107 | 65 73 63 61 64 61  |  -47
12:02:06.183 | 08 | 0108 | 65 73 63 61 64 61  |  -47
12:02:06.404 | 08 | 0109 | 65 73 63 61 64 61  |  -47
12:02:06.670 | 08 | 0110 | 65 73 63 61 64 61  |  -47
12:02:06.891 | 08 | 0111 | 65 73 63 61 64 61  |  -47
12:02:07.129 | 08 | 0112 | 65 73 63 61 64 61  |  -47
12:02:07.354 | 08 | 0113 | 65 73 63 61 64 61  |  -46
12:02:07.602 | 08 | 0114 | 65 73 63 61 64 61  |  -48
12:02:07.829 | 08 | 0115 | 65 73 63 61 64 61  |  -47
12:02:08.046 | 08 | 0116 | 65 73 63 61 64 61  |  -46
12:02:08.259 | 08 | 0117 | 65 73 63 61 64 61  |  -47
12:02:08.475 | 08 | 0118 | 65 73 63 61 64 61  |  -47
12:02:08.687 | 08 | 0119 | 65 73 63 61 64 61  |  -48
12:02:08.897 | 08 | 0120 | 65 73 63 61 64 61  |  -48
12:02:09.126 | 08 | 0121 | 65 73 63 61 64 61  |  -47
12:02:09.344 | 08 | 0122 | 65 73 63 61 64 61  |  -47
12:02:09.560 | 08 | 0123 | 65 73 63 61 64 61  |  -47
12:02:09.769 | 08 | 0124 | 65 73 63 61 64 61  |  -48
12:02:09.996 | 08 | 0125 | 65 73 63 61 64 61  |  -48
12:02:10.235 | 08 | 0126 | 65 73 63 61 64 61  |  -48
12:02:10.457 | 08 | 0127 | 65 73 63 61 64 61  |  -48
12:02:10.690 | 08 | 0128 | 65 73 63 61 64 61  |  -48
12:02:10.935 | 08 | 0129 | 65 73 63 61 64 61  |  -47
12:02:11.148 | 08 | 0130 | 65 73 63 61 64 61  |  -48
12:02:11.394 | 08 | 0131 | 65 73 63 61 64 61  |  -47
12:02:11.629 | 08 | 0132 | 65 73 63 61 64 61  |  -47
12:02:11.867 | 08 | 0133 | 65 73 63 61 64 61  |  -46
12:02:12.097 | 08 | 0134 | 65 73 63 61 64 61  |  -47
12:02:12.312 | 08 | 0135 | 65 73 63 61 64 61  |  -47
12:02:12.537 | 08 | 0136 | 65 73 63 61 64 61  |  -47
12:02:12.756 | 08 | 0137 | 65 73 63 61 64 61  |  -47
12:02:12.967 | 08 | 0138 | 65 73 63 61 64 61  |  -47
12:02:13.147 | 08 | 0139 | 65 73 63 61 64 61  |  -47
12:02:13.346 | 08 | 0140 | 65 73 63 61 64 61  |  -47
12:02:13.530 | 08 | 0141 | 65 73 63 61 64 61  |  -48
12:02:13.756 | 08 | 0142 | 65 73 63 61 64 61  |  -48
12:02:13.974 | 08 | 0143 | 65 73 63 61 64 61  |  -48
12:02:14.211 | 08 | 0144 | 65 73 63 61 64 61  |  -48
12:02:14.438 | 08 | 0145 | 65 73 63 61 64 61  |  -48
12:02:14.678 | 08 | 0146 | 65 73 63 61 64 61  |  -48
12:02:14.897 | 08 | 0147 | 65 73 63 61 64 61  |  -48
12:02:15.155 | 08 | 0148 | 65 73 63 61 64 61  |  -47
12:02:15.405 | 08 | 0149 | 65 73 63 61 64 61  |  -46
12:02:15.625 | 08 | 0150 | 65 73 63 61 64 61  |  -46
12:02:15.851 | 08 | 0151 | 65 73 63 61 64 61  |  -47
12:02:16.043 | 08 | 0152 | 65 73 63 61 64 61  |  -46
12:02:16.285 | 08 | 0153 | 65 73 63 61 64 61  |  -47
12:02:16.550 | 08 | 0154 | 65 73 63 61 64 61  |  -46
12:02:16.815 | 08 | 0155 | 65 73 63 61 64 61  |  -46
12:02:17.032 | 08 | 0156 | 65 73 63 61 64 61  |  -46
12:02:17.248 | 08 | 0157 | 65 73 63 61 64 61  |  -46
12:02:17.465 | 08 | 0158 | 65 73 63 61 64 61  |  -46
12:02:17.682 | 08 | 0159 | 65 73 63 61 64 61  |  -47
12:02:17.877 | 08 | 0160 | 65 73 63 61 64 61  |  -46
12:02:18.085 | 08 | 0161 | 65 73 63 61 64 61  |  -47
12:02:18.287 | 08 | 0162 | 65 73 63 61 64 61  |  -46
12:02:18.517 | 08 | 0163 | 65 73 63 61 64 61  |  -47
12:02:18.760 | 08 | 0164 | 65 73 63 61 64 61  |  -47
12:02:18.987 | 08 | 0165 | 65 73 63 61 64 61  |  -46
12:02:19.191 | 08 | 0166 | 65 73 63 61 64 61  |  -46
12:02:19.419 | 08 | 0167 | 65 73 63 61 64 61  |  -46
12:02:19.630 | 08 | 0168 | 65 73 63 61 64 61  |  -46
12:02:19.829 | 08 | 0169 | 65 73 63 61 64 61  |  -47
12:02:20.066 | 08 | 0170 | 65 73 63 61 64 61  |  -47
12:02:20.281 | 08 | 0171 | 65 73 63 61 64 61  |  -47
12:02:20.520 | 08 | 0172 | 65 73 63 61 64 61  |  -47
12:02:20.759 | 08 | 0173 | 65 73 63 61 64 61  |  -47
12:02:21.010 | 08 | 0174 | 65 73 63 61 64 61  |  -47
12:02:21.233 | 08 | 0175 | 65 73 63 61 64 61  |  -47
12:02:21.452 | 08 | 0176 | 65 73 63 61 64 61  |  -47
12:02:21.669 | 08 | 0177 | 65 73 63 61 64 61  |  -47
12:02:21.899 | 08 | 0178 | 65 73 63 61 64 61  |  -47
12:02:22.146 | 08 | 0179 | 65 73 63 61 64 61  |  -47
12:02:22.414 | 08 | 0180 | 65 73 63 61 64 61  |  -47
12:02:22.643 | 08 | 0181 | 65 73 63 61 64 61  |  -46
12:02:22.867 | 08 | 0182 | 65 73 63 61 64 61  |  -46
12:02:23.071 | 08 | 0183 | 65 73 63 61 64 61  |  -47
12:02:23.313 | 08 | 0184 | 65 73 63 61 64 61  |  -46
12:02:23.519 | 08 | 0185 | 65 73 63 61 64 61  |  -46
12:02:23.769 | 08 | 0186 | 65 73 63 61 64 61  |  -46
12:02:23.930 | 08 | 0187 | 65 73 63 61 64 61  |  -46
12:02:24.101 | 08 | 0188 | 65 73 63 61 64 61  |  -46
12:02:24.289 | 08 | 0189 | 65 73 63 61 64 61  |  -46
12:02:24.492 | 08 | 0190 | 65 73 63 61 64 61  |  -46
12:02:24.687 | 08 | 0191 | 65 73 63 61 64 61  |  -47
12:02:24.883 | 08 | 0192 | 65 73 63 61 64 61  |  -47
12:02:25.092 | 08 | 0193 | 65 73 63 61 64 61  |  -48
12:02:25.309 | 08 | 0194 | 65 73 63 61 64 61  |  -47
12:02:25.560 | 08 | 0195 | 65 73 63 61 64 61  |  -47
12:02:25.777 | 08 | 0196 | 65 73 63 61 64 61  |  -47
12:02:26.009 | 08 | 0197 | 65 73 63 61 64 61  |  -48
12:02:26.247 | 08 | 0198 | 65 73 63 61 64 61  |  -47
12:02:26.486 | 08 | 0199 | 65 73 63 61 64 61  |  -48
12:02:26.726 | 08 | 0200 | 65 73 63 61 64 61  |  -48
12:02:26.957 | 08 | 0201 | 65 73 63 61 64 61  |  -48
12:02:27.236 | 08 | 0202 | 65 73 63 61 64 61  |  -47
12:02:27.481 | 08 | 0203 | 65 73 63 61 64 61  |  -47
12:02:27.694 | 08 | 0204 | 65 73 63 61 64 61  |  -47
12:02:27.889 | 08 | 0205 | 65 73 63 61 64 61  |  -47
12:02:28.111 | 08 | 0206 | 65 73 63 61 64 61  |  -47
12:02:28.337 | 08 | 0207 | 65 73 63 61 64 61  |  -47
12:02:28.601 | 08 | 0208 | 65 73 63 61 64 61  |  -47
12:02:28.843 | 08 | 0209 | 65 73 63 61 64 61  |  -47
12:02:29.064 | 08 | 0210 | 65 73 63 61 64 61  |  -48
12:02:29.302 | 08 | 0211 | 65 73 63 61 64 61  |  -48
12:02:29.531 | 08 | 0212 | 65 73 63 61 64 61  |  -48
12:02:29.759 | 08 | 0213 | 65 73 63 61 64 61  |  -47
12:02:29.980 | 08 | 0214 | 65 73 63 61 64 61  |  -47
12:02:30.227 | 08 | 0215 | 65 73 63 61 64 61  |  -48
12:02:30.469 | 08 | 0216 | 65 73 63 61 64 61  |  -48
12:02:30.706 | 08 | 0217 | 65 73 63 61 64 61  |  -49
12:02:30.942 | 08 | 0218 | 65 73 63 61 64 61  |  -49
12:02:31.179 | 08 | 0219 | 65 73 63 61 64 61  |  -48
12:02:31.382 | 08 | 0220 | 65 73 63 61 64 61  |  -47
12:02:31.599 | 08 | 0221 | 65 73 63 61 64 61  |  -48
12:02:31.813 | 08 | 0222 | 65 73 63 61 64 61  |  -48
12:02:31.980 | 08 | 0223 | 65 73 63 61 64 61  |  -48
12:02:32.210 | 08 | 0224 | 65 73 63 61 64 61  |  -48
12:02:32.454 | 08 | 0225 | 65 73 63 61 64 61  |  -47
12:02:32.682 | 08 | 0226 | 65 73 63 61 64 61  |  -47
12:02:32.884 | 08 | 0227 | 65 73 63 61 64 61  |  -47
12:02:33.073 | 08 | 0228 | 65 73 63 61 64 61  |  -48
12:02:33.307 | 08 | 0229 | 65 73 63 61 64 61  |  -46
12:02:33.520 | 08 | 0230 | 65 73 63 61 64 61  |  -47
12:02:33.738 | 08 | 0231 | 65 73 63 61 64 61  |  -47
12:02:33.978 | 08 | 0232 | 65 73 63 61 64 61  |  -48
12:02:34.205 | 08 | 0233 | 65 73 63 61 64 61  |  -48
12:02:34.440 | 08 | 0234 | 65 73 63 61 64 61  |  -49
12:02:34.690 | 08 | 0235 | 65 73 63 61 64 61  |  -49
12:02:34.902 | 08 | 0236 | 65 73 63 61 64 61  |  -48
12:02:35.150 | 08 | 0237 | 65 73 63 61 64 61  |  -49
12:02:35.405 | 08 | 0238 | 65 73 63 61 64 61  |  -49
12:02:35.650 | 08 | 0239 | 65 73 63 61 64 61  |  -48
12:02:35.879 | 08 | 0240 | 65 73 63 61 64 61  |  -48
12:02:36.105 | 08 | 0241 | 65 73 63 61 64 61  |  -47
12:02:36.343 | 08 | 0242 | 65 73 63 61 64 61  |  -48
12:02:36.573 | 08 | 0243 | 65 73 63 61 64 61  |  -49
12:02:36.787 | 08 | 0244 | 65 73 63 61 64 61  |  -48
12:02:37.001 | 08 | 0245 | 65 73 63 61 64 61  |  -47
12:02:37.221 | 08 | 0246 | 65 73 63 61 64 61  |  -47
12:02:37.446 | 08 | 0247 | 65 73 63 61 64 61  |  -48
12:02:37.690 | 08 | 0248 | 65 73 63 61 64 61  |  -48
12:02:37.923 | 08 | 0249 | 65 73 63 61 64 61  |  -48
12:02:38.164 | 08 | 0250 | 65 73 63 61 64 61  |  -48
12:02:38.380 | 08 | 0251 | 65 73 63 61 64 61  |  -48
12:02:38.616 | 08 | 0252 | 65 73 63 61 64 61  |  -48
12:02:38.832 | 08 | 0253 | 65 73 63 61 64 61  |  -48
12:02:39.039 | 08 | 0254 | 65 73 63 61 64 61  |  -48
12:02:39.285 | 08 | 0255 | 65 73 63 61 64 61  |  -47
12:02:39.526 | 08 | 0256 | 65 73 63 61 64 61  |  -47
12:02:39.743 | 08 | 0257 | 65 73 63 61 64 61  |  -47
12:02:39.961 | 08 | 0258 | 65 73 63 61 64 61  |  -47
12:02:40.157 | 08 | 0259 | 65 73 63 61 64 61  |  -48
12:02:40.416 | 08 | 0260 | 65 73 63 61 64 61  |  -48
12:02:40.654 | 08 | 0261 | 65 73 63 61 64 61  |  -47
12:02:40.864 | 08 | 0262 | 65 73 63 61 64 61  |  -47
12:02:41.101 | 08 | 0263 | 65 73 63 61 64 61  |  -47
12:02:41.328 | 08 | 0264 | 65 73 63 61 64 61  |  -46
12:02:41.538 | 08 | 0265 | 65 73 63 61 64 61  |  -46
12:02:41.748 | 08 | 0266 | 65 73 63 61 64 61  |  -46
12:02:41.960 | 08 | 0267 | 65 73 63 61 64 61  |  -46
12:02:42.187 | 08 | 0268 | 65 73 63 61 64 61  |  -46
12:02:42.451 | 08 | 0269 | 65 73 63 61 64 61  |  -47
12:02:42.709 | 08 | 0270 | 65 73 63 61 64 61  |  -47
12:02:42.977 | 08 | 0271 | 65 73 63 61 64 61  |  -47
12:02:43.229 | 08 | 0272 | 65 73 63 61 64 61  |  -46
12:02:43.448 | 08 | 0273 | 65 73 63 61 64 61  |  -47
12:02:43.654 | 08 | 0274 | 65 73 63 61 64 61  |  -47
12:02:43.865 | 08 | 0275 | 65 73 63 61 64 61  |  -48
12:02:44.092 | 08 | 0276 | 65 73 63 61 64 61  |  -46
12:02:44.316 | 08 | 0277 | 65 73 63 61 64 61  |  -47
12:02:44.552 | 08 | 0278 | 65 73 63 61 64 61  |  -48
12:02:44.774 | 08 | 0279 | 65 73 63 61 64 61  |  -48
12:02:45.010 | 08 | 0280 | 65 73 63 61 64 61  |  -47
12:02:45.255 | 08 | 0281 | 65 73 63 61 64 61  |  -47
12:02:45.468 | 08 | 0282 | 65 73 63 61 64 61  |  -46
12:02:45.696 | 08 | 0283 | 65 73 63 61 64 61  |  -46
12:02:45.905 | 08 | 0284 | 65 73 63 61 64 61  |  -46
12:02:46.151 | 08 | 0285 | 65 73 63 61 64 61  |  -48
12:02:46.391 | 08 | 0286 | 65 73 63 61 64 61  |  -48
12:02:46.589 | 08 | 0287 | 65 73 63 61 64 61  |  -48
12:02:46.843 | 08 | 0288 | 65 73 63 61 64 61  |  -49
12:02:47.094 | 08 | 0289 | 65 73 63 61 64 61  |  -50
12:02:47.332 | 08 | 0290 | 65 73 63 61 64 61  |  -50
12:02:47.536 | 08 | 0291 | 65 73 63 61 64 61  |  -50
12:02:47.763 | 08 | 0292 | 65 73 63 61 64 61  |  -50
12:02:47.997 | 08 | 0293 | 65 73 63 61 64 61  |  -49
12:02:48.193 | 08 | 0294 | 65 73 63 61 64 61  |  -49
12:02:48.416 | 08 | 0295 | 65 73 63 61 64 61  |  -49
12:02:48.646 | 08 | 0296 | 65 73 63 61 64 61  |  -50
12:02:48.860 | 08 | 0297 | 65 73 63 61 64 61  |  -50
12:02:49.052 | 08 | 0298 | 65 73 63 61 64 61  |  -49
12:02:49.279 | 08 | 0299 | 65 73 63 61 64 61  |  -50
12:02:49.504 | 08 | 0300 | 65 73 63 61 64 61  |  -52
12:02:49.741 | 08 | 0301 | 65 73 63 61 64 61  |  -52
12:02:49.949 | 08 | 0302 | 65 73 63 61 64 61  |  -54
12:02:50.166 | 08 | 0303 | 65 73 63 61 64 61  |  -52
12:02:50.378 | 08 | 0304 | 65 73 63 61 64 61  |  -52
12:02:50.604 | 08 | 0305 | 65 73 63 61 64 61  |  -50
12:02:50.819 | 08 | 0306 | 65 73 63 61 64 61  |  -50
12:02:51.033 | 08 | 0307 | 65 73 63 61 64 61  |  -51
12:02:51.279 | 08 | 0308 | 65 73 63 61 64 61  |  -52
12:02:51.506 | 08 | 0309 | 65 73 63 61 64 61  |  -53
12:02:51.719 | 08 | 0310 | 65 73 63 61 64 61  |  -50
12:02:51.924 | 08 | 0311 | 65 73 63 61 64 61  |  -52
12:02:52.161 | 08 | 0312 | 65 73 63 61 64 61  |  -50
12:02:52.397 | 08 | 0313 | 65 73 63 61 64 61  |  -48
12:02:52.633 | 08 | 0314 | 65 73 63 61 64 61  |  -49
12:02:52.842 | 08 | 0315 | 65 73 63 61 64 61  |  -48
12:02:53.050 | 08 | 0316 | 65 73 63 61 64 61  |  -48
12:02:53.290 | 08 | 0317 | 65 73 63 61 64 61  |  -44
12:02:53.559 | 08 | 0318 | 65 73 63 61 64 61  |  -49
12:02:53.790 | 08 | 0319 | 65 73 63 61 64 61  |  -49
12:02:54.015 | 08 | 0320 | 65 73 63 61 64 61  |  -48
12:02:54.226 | 08 | 0321 | 65 73 63 61 64 61  |  -49
12:02:54.451 | 08 | 0322 | 65 73 63 61 64 61  |  -50
12:02:54.655 | 08 | 0323 | 65 73 63 61 64 61  |  -50
12:02:54.881 | 08 | 0324 | 65 73 63 61 64 61  |  -50
12:02:55.102 | 08 | 0325 | 65 73 63 61 64 61  |  -52
12:02:55.311 | 08 | 0326 | 65 73 63 61 64 61  |  -52
12:02:55.567 | 08 | 0327 | 65 73 63 61 64 61  |  -50
12:02:55.803 | 08 | 0328 | 65 73 63 61 64 61  |  -48
12:02:56.020 | 08 | 0329 | 65 73 63 61 64 61  |  -48
12:02:56.260 | 08 | 0330 | 65 73 63 61 64 61  |  -48
12:02:56.481 | 08 | 0331 | 65 73 63 61 64 61  |  -48
12:02:56.704 | 08 | 0332 | 65 73 63 61 64 61  |  -48
12:02:56.923 | 08 | 0333 | 65 73 63 61 64 61  |  -47
12:02:57.172 | 08 | 0334 | 65 73 63 61 64 61  |  -56
12:02:57.366 | 08 | 0335 | 65 73 63 61 64 61  |  -47
12:02:57.573 | 08 | 0336 | 65 73 63 61 64 61  |  -48
12:02:57.795 | 08 | 0337 | 65 73 63 61 64 61  |  -48
12:02:58.012 | 08 | 0338 | 65 73 63 61 64 61  |  -46
12:02:58.237 | 08 | 0339 | 65 73 63 61 64 61  |  -48
12:02:58.439 | 08 | 0340 | 65 73 63 61 64 61  |  -49
12:02:58.679 | 08 | 0341 | 65 73 63 61 64 61  |  -47
12:02:58.922 | 08 | 0342 | 65 73 63 61 64 61  |  -46
12:02:59.166 | 08 | 0343 | 65 73 63 61 64 61  |  -46
12:02:59.373 | 08 | 0344 | 65 73 63 61 64 61  |  -47
12:02:59.582 | 08 | 0345 | 65 73 63 61 64 61  |  -48
12:02:59.790 | 08 | 0346 | 65 73 63 61 64 61  |  -48
12:03:00.017 | 08 | 0347 | 65 73 63 61 64 61  |  -48
12:03:00.233 | 08 | 0348 | 65 73 63 61 64 61  |  -48
12:03:00.469 | 08 | 0349 | 65 73 63 61 64 61  |  -48
12:03:00.749 | 08 | 0350 | 65 73 63 61 64 61  |  -48
12:03:00.973 | 08 | 0351 | 65 73 63 61 64 61  |  -48
12:03:01.212 | 08 | 0352 | 65 73 63 61 64 61  |  -47
12:03:01.444 | 08 | 0353 | 65 73 63 61 64 61  |  -46
12:03:01.660 | 08 | 0354 | 65 73 63 61 64 61  |  -47
12:03:01.890 | 08 | 0355 | 65 73 63 61 64 61  |  -50
12:03:02.099 | 08 | 0356 | 65 73 63 61 64 61  |  -52
12:03:02.346 | 08 | 0357 | 65 73 63 61 64 61  |  -48
12:03:02.591 | 08 | 0358 | 65 73 63 61 64 61  |  -46
12:03:02.826 | 08 | 0359 | 65 73 63 61 64 61  |  -46
12:03:03.036 | 08 | 0360 | 65 73 63 61 64 61  |  -47
12:03:03.282 | 08 | 0361 | 65 73 63 61 64 61  |  -47
12:03:03.518 | 08 | 0362 | 65 73 63 61 64 61  |  -48
12:03:03.753 | 08 | 0363 | 65 73 63 61 64 61  |  -48
12:03:03.994 | 08 | 0364 | 65 73 63 61 64 61  |  -48
12:03:04.239 | 08 | 0365 | 65 73 63 61 64 61  |  -49
12:03:04.464 | 08 | 0366 | 65 73 63 61 64 61  |  -49
12:03:04.692 | 08 | 0367 | 65 73 63 61 64 61  |  -50
12:03:04.930 | 08 | 0368 | 65 73 63 61 64 61  |  -49
12:03:05.175 | 08 | 0369 | 65 73 63 61 64 61  |  -46
12:03:05.433 | 08 | 0370 | 65 73 63 61 64 61  |  -48
12:03:05.648 | 08 | 0371 | 65 73 63 61 64 61  |  -52
12:03:05.909 | 08 | 0372 | 65 73 63 61 64 61  |  -50
12:03:06.092 | 08 | 0373 | 65 73 63 61 64 61  |  -48
12:03:06.320 | 08 | 0374 | 65 73 63 61 64 61  |  -48
12:03:06.531 | 08 | 0375 | 65 73 63 61 64 61  |  -48
12:03:06.734 | 08 | 0376 | 65 73 63 61 64 61  |  -48
12:03:06.968 | 08 | 0377 | 65 73 63 61 64 61  |  -50
12:03:07.170 | 08 | 0378 | 65 73 63 61 64 61  |  -48
12:03:07.415 | 08 | 0379 | 65 73 63 61 64 61  |  -48
12:03:07.637 | 08 | 0380 | 65 73 63 61 64 61  |  -48
12:03:07.874 | 08 | 0381 | 65 73 63 61 64 61  |  -48
12:03:08.095 | 08 | 0382 | 65 73 63 61 64 61  |  -48
12:03:08.354 | 08 | 0383 | 65 73 63 61 64 61  |  -48
12:03:08.594 | 08 | 0384 | 65 73 63 61 64 61  |  -48
12:03:08.812 | 08 | 0385 | 65 73 63 61 64 61  |  -48
12:03:09.035 | 08 | 0386 | 65 73 63 61 64 61  |  -50
12:03:09.219 | 08 | 0387 | 65 73 63 61 64 61  |  -47
12:03:09.423 | 08 | 0388 | 65 73 63 61 64 61  |  -46
12:03:09.632 | 08 | 0389 | 65 73 63 61 64 61  |  -46
12:03:09.844 | 08 | 0390 | 65 73 63 61 64 61  |  -47
12:03:10.044 | 08 | 0391 | 65 73 63 61 64 61  |  -48
12:03:10.267 | 08 | 0392 | 65 73 63 61 64 61  |  -48
12:03:10.486 | 08 | 0393 | 65 73 63 61 64 61  |  -49
12:03:10.689 | 08 | 0394 | 65 73 63 61 64 61  |  -49
12:03:10.898 | 08 | 0395 | 65 73 63 61 64 61  |  -49
12:03:11.107 | 08 | 0396 | 65 73 63 61 64 61  |  -48
12:03:11.328 | 08 | 0397 | 65 73 63 61 64 61  |  -48
12:03:11.534 | 08 | 0398 | 65 73 63 61 64 61  |  -47
12:03:11.761 | 08 | 0399 | 65 73 63 61 64 61  |  -47
12:03:11.971 | 08 | 0400 | 65 73 63 61 64 61  |  -47
12:03:12.197 | 08 | 0401 | 65 73 63 61 64 61  |  -47
12:03:12.418 | 08 | 0402 | 65 73 63 61 64 61  |  -48
12:03:12.631 | 08 | 0403 | 65 73 63 61 64 61  |  -48
12:03:12.856 | 08 | 0404 | 65 73 63 61 64 61  |  -48
12:03:13.085 | 08 | 0405 | 65 73 63 61 64 61  |  -48
12:03:13.312 | 08 | 0406 | 65 73 63 61 64 61  |  -48
12:03:13.531 | 08 | 0407 | 65 73 63 61 64 61  |  -48
12:03:13.756 | 08 | 0408 | 65 73 63 61 64 61  |  -48
12:03:14.013 | 08 | 0409 | 65 73 63 61 64 61  |  -48
12:03:14.251 | 08 | 0410 | 65 73 63 61 64 61  |  -48
12:03:14.448 | 08 | 0411 | 65 73 63 61 64 61  |  -48
12:03:14.671 | 08 | 0412 | 65 73 63 61 64 61  |  -48
12:03:14.907 | 08 | 0413 | 65 73 63 61 64 61  |  -48
12:03:15.099 | 08 | 0414 | 65 73 63 61 64 61  |  -48
12:03:15.305 | 08 | 0415 | 65 73 63 61 64 61  |  -48
12:03:15.519 | 08 | 0416 | 65 73 63 61 64 61  |  -48
12:03:15.732 | 08 | 0417 | 65 73 63 61 64 61  |  -47
12:03:15.949 | 08 | 0418 | 65 73 63 61 64 61  |  -46
12:03:16.189 | 08 | 0419 | 65 73 63 61 64 61  |  -47
12:03:16.409 | 08 | 0420 | 65 73 63 61 64 61  |  -48
12:03:16.667 | 08 | 0421 | 65 73 63 61 64 61  |  -50
12:03:16.925 | 08 | 0422 | 65 73 63 61 64 61  |  -50
12:03:17.196 | 08 | 0423 | 65 73 63 61 64 61  |  -50
12:03:17.396 | 08 | 0424 | 65 73 63 61 64 61  |  -48
12:03:17.609 | 08 | 0425 | 65 73 63 61 64 61  |  -51
12:03:17.833 | 08 | 0426 | 65 73 63 61 64 61  |  -51
12:03:18.049 | 08 | 0427 | 65 73 63 61 64 61  |  -50
12:03:18.280 | 08 | 0428 | 65 73 63 61 64 61  |  -49
12:03:18.526 | 08 | 0429 | 65 73 63 61 64 61  |  -48
12:03:18.767 | 08 | 0430 | 65 73 63 61 64 61  |  -48
12:03:18.990 | 08 | 0431 | 65 73 63 61 64 61  |  -48
12:03:19.182 | 08 | 0432 | 65 73 63 61 64 61  |  -48
12:03:19.378 | 08 | 0433 | 65 73 63 61 64 61  |  -49
12:03:19.592 | 08 | 0434 | 65 73 63 61 64 61  |  -48
12:03:19.830 | 08 | 0435 | 65 73 63 61 64 61  |  -48
12:03:20.069 | 08 | 0436 | 65 73 63 61 64 61  |  -48
12:03:20.308 | 08 | 0437 | 65 73 63 61 64 61  |  -52
12:03:20.564 | 08 | 0438 | 65 73 63 61 64 61  |  -49
12:03:20.782 | 08 | 0439 | 65 73 63 61 64 61  |  -46
12:03:21.000 | 08 | 0440 | 65 73 63 61 64 61  |  -47
12:03:21.202 | 08 | 0441 | 65 73 63 61 64 61  |  -48
12:03:21.399 | 08 | 0442 | 65 73 63 61 64 61  |  -51
12:03:21.597 | 08 | 0443 | 65 73 63 61 64 61  |  -48
12:03:21.794 | 08 | 0444 | 65 73 63 61 64 61  |  -48
12:03:22.027 | 08 | 0445 | 65 73 63 61 64 61  |  -48
12:03:22.243 | 08 | 0446 | 65 73 63 61 64 61  |  -47
12:03:22.451 | 08 | 0447 | 65 73 63 61 64 61  |  -47
12:03:22.669 | 08 | 0448 | 65 73 63 61 64 61  |  -47
12:03:22.896 | 08 | 0449 | 65 73 63 61 64 61  |  -46
12:03:23.109 | 08 | 0450 | 65 73 63 61 64 61  |  -47
12:03:23.334 | 08 | 0451 | 65 73 63 61 64 61  |  -47
12:03:23.536 | 08 | 0452 | 65 73 63 61 64 61  |  -47
12:03:23.757 | 08 | 0453 | 65 73 63 61 64 61  |  -47
12:03:23.996 | 08 | 0454 | 65 73 63 61 64 61  |  -48
12:03:24.232 | 08 | 0455 | 65 73 63 61 64 61  |  -50
12:03:24.478 | 08 | 0456 | 65 73 63 61 64 61  |  -50
12:03:24.738 | 08 | 0457 | 65 73 63 61 64 61  |  -52
12:03:24.960 | 08 | 0458 | 65 73 63 61 64 61  |  -48
12:03:25.161 | 08 | 0459 | 65 73 63 61 64 61  |  -48
12:03:25.393 | 08 | 0460 | 65 73 63 61 64 61  |  -48
12:03:25.607 | 08 | 0461 | 65 73 63 61 64 61  |  -50
12:03:25.815 | 08 | 0462 | 65 73 63 61 64 61  |  -47
12:03:26.023 | 08 | 0463 | 65 73 63 61 64 61  |  -52
12:03:26.260 | 08 | 0464 | 65 73 63 61 64 61  |  -48
12:03:26.470 | 08 | 0465 | 65 73 63 61 64 61  |  -51
12:03:26.716 | 08 | 0466 | 65 73 63 61 64 61  |  -50
12:03:26.962 | 08 | 0467 | 65 73 63 61 64 61  |  -48
12:03:27.203 | 08 | 0468 | 65 73 63 61 64 61  |  -49
12:03:27.416 | 08 | 0469 | 65 73 63 61 64 61  |  -48
12:03:27.600 | 08 | 0470 | 65 73 63 61 64 61  |  -48
12:03:27.812 | 08 | 0471 | 65 73 63 61 64 61  |  -48
12:03:28.047 | 08 | 0472 | 65 73 63 61 64 61  |  -49
12:03:28.296 | 08 | 0473 | 65 73 63 61 64 61  |  -48
12:03:28.524 | 08 | 0474 | 65 73 63 61 64 61  |  -48
12:03:28.754 | 08 | 0475 | 65 73 63 61 64 61  |  -48
12:03:28.969 | 08 | 0476 | 65 73 63 61 64 61  |  -48
12:03:29.196 | 08 | 0477 | 65 73 63 61 64 61  |  -48
12:03:29.412 | 08 | 0478 | 65 73 63 61 64 61  |  -49
12:03:29.634 | 08 | 0479 | 65 73 63 61 64 61  |  -48
12:03:29.843 | 08 | 0480 | 65 73 63 61 64 61  |  -48
12:03:30.049 | 08 | 0481 | 65 73 63 61 64 61  |  -48
12:03:30.313 | 08 | 0482 | 65 73 63 61 64 61  |  -48
12:03:30.570 | 08 | 0483 | 65 73 63 61 64 61  |  -48
12:03:30.816 | 08 | 0484 | 65 73 63 61 64 61  |  -49
12:03:31.072 | 08 | 0485 | 65 73 63 61 64 61  |  -49
12:03:31.286 | 08 | 0486 | 65 73 63 61 64 61  |  -48
12:03:31.523 | 08 | 0487 | 65 73 63 61 64 61  |  -49
12:03:31.730 | 08 | 0488 | 65 73 63 61 64 61  |  -48
12:03:31.991 | 08 | 0489 | 65 73 63 61 64 61  |  -48
12:03:32.268 | 08 | 0490 | 65 73 63 61 64 61  |  -48
12:03:32.496 | 08 | 0491 | 65 73 63 61 64 61  |  -48
12:03:32.742 | 08 | 0492 | 65 73 63 61 64 61  |  -48
12:03:32.955 | 08 | 0493 | 65 73 63 61 64 61  |  -49
12:03:33.158 | 08 | 0494 | 65 73 63 61 64 61  |  -48
12:03:33.396 | 08 | 0495 | 65 73 63 61 64 61  |  -48
12:03:33.605 | 08 | 0496 | 65 73 63 61 64 61  |  -49
12:03:33.815 | 08 | 0497 | 65 73 63 61 64 61  |  -50
12:03:34.033 | 08 | 0498 | 65 73 63 61 64 61  |  -48
12:03:34.272 | 08 | 0499 | 65 73 63 61 64 61  |  -48
12:03:34.493 | 08 | 0500 | 65 73 63 61 64 61  |  -49
12:03:34.738 | 08 | 0501 | 65 73 63 61 64 61  |  -49
12:03:35.012 | 08 | 0502 | 65 73 63 61 64 61  |  -48
12:03:35.251 | 08 | 0503 | 65 73 63 61 64 61  |  -49
12:03:35.434 | 08 | 0504 | 65 73 63 61 64 61  |  -49
12:03:35.646 | 08 | 0505 | 65 73 63 61 64 61  |  -49
12:03:35.853 | 08 | 0506 | 65 73 63 61 64 61  |  -48
12:03:36.109 | 08 | 0507 | 65 73 63 61 64 61  |  -48
12:03:36.317 | 08 | 0508 | 65 73 63 61 64 61  |  -48
12:03:36.523 | 08 | 0509 | 65 73 63 61 64 61  |  -48
12:03:36.770 | 08 | 0510 | 65 73 63 61 64 61  |  -48
12:03:36.970 | 08 | 0511 | 65 73 63 61 64 61  |  -48
12:03:37.192 | 08 | 0512 | 65 73 63 61 64 61  |  -48
12:03:37.412 | 08 | 0513 | 65 73 63 61 64 61  |  -48
12:03:37.628 | 08 | 0514 | 65 73 63 61 64 61  |  -48
12:03:37.849 | 08 | 0515 | 65 73 63 61 64 61  |  -48
12:03:38.084 | 08 | 0516 | 65 73 63 61 64 61  |  -49
12:03:38.328 | 08 | 0517 | 65 73 63 61 64 61  |  -49
12:03:38.550 | 08 | 0518 | 65 73 63 61 64 61  |  -48
12:03:38.784 | 08 | 0519 | 65 73 63 61 64 61  |  -49
12:03:39.019 | 08 | 0520 | 65 73 63 61 64 61  |  -49
12:03:39.247 | 08 | 0521 | 65 73 63 61 64 61  |  -48
12:03:39.475 | 08 | 0522 | 65 73 63 61 64 61  |  -48
12:03:39.692 | 08 | 0523 | 65 73 63 61 64 61  |  -48
12:03:39.906 | 08 | 0524 | 65 73 63 61 64 61  |  -48
12:03:40.145 | 08 | 0525 | 65 73 63 61 64 61  |  -48
12:03:40.355 | 08 | 0526 | 65 73 63 61 64 61  |  -48
12:03:40.565 | 08 | 0527 | 65 73 63 61 64 61  |  -48
12:03:40.760 | 08 | 0528 | 65 73 63 61 64 61  |  -48
12:03:40.967 | 08 | 0529 | 65 73 63 61 64 61  |  -48
12:03:41.212 | 08 | 0530 | 65 73 63 61 64 61  |  -48
12:03:41.416 | 08 | 0531 | 65 73 63 61 64 61  |  -48
12:03:41.622 | 08 | 0532 | 65 73 63 61 64 61  |  -48
12:03:41.830 | 08 | 0533 | 65 73 63 61 64 61  |  -48
12:03:42.062 | 08 | 0534 | 65 73 63 61 64 61  |  -48
12:03:42.300 | 08 | 0535 | 65 73 63 61 64 61  |  -49
12:03:42.495 | 08 | 0536 | 65 73 63 61 64 61  |  -48
12:03:42.709 | 08 | 0537 | 65 73 63 61 64 61  |  -48
12:03:42.894 | 08 | 0538 | 65 73 63 61 64 61  |  -48
12:03:43.101 | 08 | 0539 | 65 73 63 61 64 61  |  -48
12:03:43.297 | 08 | 0540 | 65 73 63 61 64 61  |  -48
12:03:43.484 | 08 | 0541 | 65 73 63 61 64 61  |  -48
12:03:43.681 | 08 | 0542 | 65 73 63 61 64 61  |  -48
12:03:43.868 | 08 | 0543 | 65 73 63 61 64 61  |  -49
12:03:44.057 | 08 | 0544 | 65 73 63 61 64 61  |  -49
12:03:44.277 | 08 | 0545 | 65 73 63 61 64 61  |  -49
12:03:44.536 | 08 | 0546 | 65 73 63 61 64 61  |  -49
12:03:44.791 | 08 | 0547 | 65 73 63 61 64 61  |  -49
12:03:45.036 | 08 | 0548 | 65 73 63 61 64 61  |  -49
12:03:45.286 | 08 | 0549 | 65 73 63 61 64 61  |  -48
12:03:45.516 | 08 | 0550 | 65 73 63 61 64 61  |  -48
12:03:45.724 | 08 | 0551 | 65 73 63 61 64 61  |  -49
12:03:45.943 | 08 | 0552 | 65 73 63 61 64 61  |  -49
12:03:46.184 | 08 | 0553 | 65 73 63 61 64 61  |  -49
12:03:46.432 | 08 | 0554 | 65 73 63 61 64 61  |  -48
12:03:46.660 | 08 | 0555 | 65 73 63 61 64 61  |  -49
12:03:46.941 | 08 | 0556 | 65 73 63 61 64 61  |  -50
12:03:47.181 | 08 | 0557 | 65 73 63 61 64 61  |  -48
12:03:47.454 | 08 | 0558 | 65 73 63 61 64 61  |  -48
12:03:47.636 | 08 | 0559 | 65 73 63 61 64 61  |  -49
12:03:47.832 | 08 | 0560 | 65 73 63 61 64 61  |  -48
12:03:48.033 | 08 | 0561 | 65 73 63 61 64 61  |  -48
12:03:48.267 | 08 | 0562 | 65 73 63 61 64 61  |  -48
12:03:48.476 | 08 | 0563 | 65 73 63 61 64 61  |  -48
12:03:48.696 | 08 | 0564 | 65 73 63 61 64 61  |  -49
12:03:48.906 | 08 | 0565 | 65 73 63 61 64 61  |  -49
12:03:49.130 | 08 | 0566 | 65 73 63 61 64 61  |  -49
12:03:49.373 | 08 | 0567 | 65 73 63 61 64 61  |  -49
12:03:49.609 | 08 | 0568 | 65 73 63 61 64 61  |  -49
12:03:49.824 | 08 | 0569 | 65 73 63 61 64 61  |  -48
12:03:50.044 | 08 | 0570 | 65 73 63 61 64 61  |  -48
12:03:50.274 | 08 | 0571 | 65 73 63 61 64 61  |  -48
12:03:50.488 | 08 | 0572 | 65 73 63 61 64 61  |  -48
12:03:50.698 | 08 | 0573 | 65 73 63 61 64 61  |  -48
12:03:50.904 | 08 | 0574 | 65 73 63 61 64 61  |  -48
12:03:51.122 | 08 | 0575 | 65 73 63 61 64 61  |  -49
12:03:51.342 | 08 | 0576 | 65 73 63 61 64 61  |  -47
12:03:51.550 | 08 | 0577 | 65 73 63 61 64 61  |  -48
12:03:51.766 | 08 | 0578 | 65 73 63 61 64 61  |  -48
12:03:51.971 | 08 | 0579 | 65 73 63 61 64 61  |  -48
12:03:52.221 | 08 | 0580 | 65 73 63 61 64 61  |  -49
12:03:52.438 | 08 | 0581 | 65 73 63 61 64 61  |  -48
12:03:52.640 | 08 | 0582 | 65 73 63 61 64 61  |  -48
12:03:52.883 | 08 | 0583 | 65 73 63 61 64 61  |  -48
12:03:53.102 | 08 | 0584 | 65 73 63 61 64 61  |  -48
12:03:53.327 | 08 | 0585 | 65 73 63 61 64 61  |  -48
12:03:53.550 | 08 | 0586 | 65 73 63 61 64 61  |  -47
12:03:53.747 | 08 | 0587 | 65 73 63 61 64 61  |  -47
12:03:53.950 | 08 | 0588 | 65 73 63 61 64 61  |  -47
12:03:54.165 | 08 | 0589 | 65 73 63 61 64 61  |  -48
12:03:54.360 | 08 | 0590 | 65 73 63 61 64 61  |  -48
12:03:54.617 | 08 | 0591 | 65 73 63 61 64 61  |  -47
12:03:54.865 | 08 | 0592 | 65 73 63 61 64 61  |  -48
12:03:55.065 | 08 | 0593 | 65 73 63 61 64 61  |  -48
12:03:55.289 | 08 | 0594 | 65 73 63 61 64 61  |  -49
12:03:55.548 | 08 | 0595 | 65 73 63 61 64 61  |  -49
12:03:55.765 | 08 | 0596 | 65 73 63 61 64 61  |  -48
12:03:55.965 | 08 | 0597 | 65 73 63 61 64 61  |  -49
12:03:56.183 | 08 | 0598 | 65 73 63 61 64 61  |  -50
12:03:56.423 | 08 | 0599 | 65 73 63 61 64 61  |  -49
12:03:56.619 | 08 | 0600 | 65 73 63 61 64 61  |  -49
12:03:56.831 | 08 | 0601 | 65 73 63 61 64 61  |  -48
12:03:57.056 | 08 | 0602 | 65 73 63 61 64 61  |  -48
12:03:57.271 | 08 | 0603 | 65 73 63 61 64 61  |  -48
12:03:57.482 | 08 | 0604 | 65 73 63 61 64 61  |  -48
12:03:57.712 | 08 | 0605 | 65 73 63 61 64 61  |  -48
12:03:57.931 | 08 | 0606 | 65 73 63 61 64 61  |  -48
12:03:58.167 | 08 | 0607 | 65 73 63 61 64 61  |  -48
12:03:58.370 | 08 | 0608 | 65 73 63 61 64 61  |  -48
12:03:58.586 | 08 | 0609 | 65 73 63 61 64 61  |  -48
12:03:58.808 | 08 | 0610 | 65 73 63 61 64 61  |  -48
12:03:59.035 | 08 | 0611 | 65 73 63 61 64 61  |  -48
12:03:59.257 | 08 | 0612 | 65 73 63 61 64 61  |  -48
12:03:59.487 | 08 | 0613 | 65 73 63 61 64 61  |  -48
12:03:59.750 | 08 | 0614 | 65 73 63 61 64 61  |  -48
12:03:59.976 | 08 | 0615 | 65 73 63 61 64 61  |  -48
12:04:00.216 | 08 | 0616 | 65 73 63 61 64 61  |  -48
12:04:00.493 | 08 | 0617 | 65 73 63 61 64 61  |  -48
12:04:00.746 | 08 | 0618 | 65 73 63 61 64 61  |  -48
12:04:00.972 | 08 | 0619 | 65 73 63 61 64 61  |  -47
12:04:01.219 | 08 | 0620 | 65 73 63 61 64 61  |  -47
12:04:01.483 | 08 | 0621 | 65 73 63 61 64 61  |  -48
12:04:01.710 | 08 | 0622 | 65 73 63 61 64 61  |  -47
12:04:01.947 | 08 | 0623 | 65 73 63 61 64 61  |  -49
12:04:02.181 | 08 | 0624 | 65 73 63 61 64 61  |  -47
12:04:02.419 | 08 | 0625 | 65 73 63 61 64 61  |  -48
12:04:02.629 | 08 | 0626 | 65 73 63 61 64 61  |  -48
12:04:02.861 | 08 | 0627 | 65 73 63 61 64 61  |  -48
12:04:03.100 | 08 | 0628 | 65 73 63 61 64 61  |  -47
12:04:03.331 | 08 | 0629 | 65 73 63 61 64 61  |  -52
12:04:03.552 | 08 | 0630 | 65 73 63 61 64 61  |  -49
12:04:03.749 | 08 | 0631 | 65 73 63 61 64 61  |  -49
12:04:03.966 | 08 | 0632 | 65 73 63 61 64 61  |  -48
12:04:04.180 | 08 | 0633 | 65 73 63 61 64 61  |  -49
12:04:04.387 | 08 | 0634 | 65 73 63 61 64 61  |  -55
12:04:04.568 | 08 | 0635 | 65 73 63 61 64 61  |  -58
12:04:04.751 | 08 | 0636 | 65 73 63 61 64 61  |  -52
12:04:04.956 | 08 | 0637 | 65 73 63 61 64 61  |  -56
12:04:05.191 | 08 | 0638 | 65 73 63 61 64 61  |  -53
12:04:05.416 | 08 | 0639 | 65 73 63 61 64 61  |  -53
12:04:05.646 | 08 | 0640 | 65 73 63 61 64 61  |  -55
12:04:05.859 | 08 | 0641 | 65 73 63 61 64 61  |  -57
12:04:06.070 | 08 | 0642 | 65 73 63 61 64 61  |  -54
12:04:06.337 | 08 | 0643 | 65 73 63 61 64 61  |  -51
12:04:06.539 | 08 | 0644 | 65 73 63 61 64 61  |  -48
12:04:06.803 | 08 | 0645 | 65 73 63 61 64 61  |  -48
12:04:07.066 | 08 | 0646 | 65 73 63 61 64 61  |  -48
12:04:07.346 | 08 | 0647 | 65 73 63 61 64 61  |  -49
12:04:07.576 | 08 | 0648 | 65 73 63 61 64 61  |  -48
12:04:07.794 | 08 | 0649 | 65 73 63 61 64 61  |  -48
12:04:08.026 | 08 | 0650 | 65 73 63 61 64 61  |  -48
12:04:08.256 | 08 | 0651 | 65 73 63 61 64 61  |  -48
12:04:08.493 | 08 | 0652 | 65 73 63 61 64 61  |  -47
12:04:08.735 | 08 | 0653 | 65 73 63 61 64 61  |  -47
12:04:08.961 | 08 | 0654 | 65 73 63 61 64 61  |  -47
12:04:09.160 | 08 | 0655 | 65 73 63 61 64 61  |  -46
12:04:09.387 | 08 | 0656 | 65 73 63 61 64 61  |  -48
12:04:09.621 | 08 | 0657 | 65 73 63 61 64 61  |  -48
12:04:09.836 | 08 | 0658 | 65 73 63 61 64 61  |  -48
12:04:10.040 | 08 | 0659 | 65 73 63 61 64 61  |  -48
12:04:10.281 | 08 | 0660 | 65 73 63 61 64 61  |  -48
12:04:10.516 | 08 | 0661 | 65 73 63 61 64 61  |  -47
12:04:10.765 | 08 | 0662 | 65 73 63 61 64 61  |  -47
12:04:11.008 | 08 | 0663 | 65 73 63 61 64 61  |  -47
12:04:11.217 | 08 | 0664 | 65 73 63 61 64 61  |  -47
12:04:11.420 | 08 | 0665 | 65 73 63 61 64 61  |  -47
12:04:11.675 | 08 | 0666 | 65 73 63 61 64 61  |  -47
12:04:11.915 | 08 | 0667 | 65 73 63 61 64 61  |  -48
12:04:12.138 | 08 | 0668 | 65 73 63 61 64 61  |  -47
12:04:12.387 | 08 | 0669 | 65 73 63 61 64 61  |  -48
12:04:12.632 | 08 | 0670 | 65 73 63 61 64 61  |  -48
12:04:12.875 | 08 | 0671 | 65 73 63 61 64 61  |  -48
12:04:13.103 | 08 | 0672 | 65 73 63 61 64 61  |  -48
12:04:13.313 | 08 | 0673 | 65 73 63 61 64 61  |  -48
12:04:13.539 | 08 | 0674 | 65 73 63 61 64 61  |  -48
12:04:13.753 | 08 | 0675 | 65 73 63 61 64 61  |  -49
12:04:13.958 | 08 | 0676 | 65 73 63 61 64 61  |  -49
12:04:14.184 | 08 | 0677 | 65 73 63 61 64 61  |  -49
12:04:14.404 | 08 | 0678 | 65 73 63 61 64 61  |  -49
12:04:14.644 | 08 | 0679 | 65 73 63 61 64 61  |  -50
12:04:14.875 | 08 | 0680 | 65 73 63 61 64 61  |  -49
12:04:15.090 | 08 | 0681 | 65 73 63 61 64 61  |  -49
12:04:15.294 | 08 | 0682 | 65 73 63 61 64 61  |  -48
12:04:15.517 | 08 | 0683 | 65 73 63 61 64 61  |  -48
12:04:15.709 | 08 | 0684 | 65 73 63 61 64 61  |  -48
12:04:15.947 | 08 | 0685 | 65 73 63 61 64 61  |  -49
12:04:16.168 | 08 | 0686 | 65 73 63 61 64 61  |  -48
12:04:16.398 | 08 | 0687 | 65 73 63 61 64 61  |  -49
12:04:16.642 | 08 | 0688 | 65 73 63 61 64 61  |  -48
12:04:16.851 | 08 | 0689 | 65 73 63 61 64 61  |  -48
12:04:17.070 | 08 | 0690 | 65 73 63 61 64 61  |  -48
12:04:17.323 | 08 | 0691 | 65 73 63 61 64 61  |  -48
12:04:17.540 | 08 | 0692 | 65 73 63 61 64 61  |  -48
12:04:17.756 | 08 | 0693 | 65 73 63 61 64 61  |  -48
12:04:17.966 | 08 | 0694 | 65 73 63 61 64 61  |  -48
12:04:18.160 | 08 | 0695 | 65 73 63 61 64 61  |  -49
12:04:18.403 | 08 | 0696 | 65 73 63 61 64 61  |  -49
12:04:18.627 | 08 | 0697 | 65 73 63 61 64 61  |  -48
12:04:18.844 | 08 | 0698 | 65 73 63 61 64 61  |  -48
12:04:19.069 | 08 | 0699 | 65 73 63 61 64 61  |  -48
12:04:19.261 | 08 | 0700 | 65 73 63 61 64 61  |  -49
12:04:19.494 | 08 | 0701 | 65 73 63 61 64 61  |  -49
12:04:19.724 | 08 | 0702 | 65 73 63 61 64 61  |  -49
12:04:19.955 | 08 | 0703 | 65 73 63 61 64 61  |  -48
12:04:20.164 | 08 | 0704 | 65 73 63 61 64 61  |  -49
12:04:20.373 | 08 | 0705 | 65 73 63 61 64 61  |  -49
12:04:20.610 | 08 | 0706 | 65 73 63 61 64 61  |  -49
12:04:20.838 | 08 | 0707 | 65 73 63 61 64 61  |  -48
12:04:21.041 | 08 | 0708 | 65 73 63 61 64 61  |  -48
12:04:21.252 | 08 | 0709 | 65 73 63 61 64 61  |  -48
12:04:21.502 | 08 | 0710 | 65 73 63 61 64 61  |  -48
12:04:21.744 | 08 | 0711 | 65 73 63 61 64 61  |  -48
12:04:21.965 | 08 | 0712 | 65 73 63 61 64 61  |  -48
12:04:22.220 | 08 | 0713 | 65 73 63 61 64 61  |  -48
12:04:22.459 | 08 | 0714 | 65 73 63 61 64 61  |  -47
12:04:22.702 | 08 | 0715 | 65 73 63 61 64 61  |  -48
12:04:22.920 | 08 | 0716 | 65 73 63 61 64 61  |  -48
12:04:23.170 | 08 | 0717 | 65 73 63 61 64 61  |  -48
12:04:23.412 | 08 | 0718 | 65 73 63 61 64 61  |  -48
12:04:23.646 | 08 | 0719 | 65 73 63 61 64 61  |  -48
12:04:23.851 | 08 | 0720 | 65 73 63 61 64 61  |  -48
12:04:24.063 | 08 | 0721 | 65 73 63 61 64 61  |  -48
12:04:24.283 | 08 | 0722 | 65 73 63 61 64 61  |  -49
12:04:24.466 | 08 | 0723 | 65 73 63 61 64 61  |  -49
12:04:24.683 | 08 | 0724 | 65 73 63 61 64 61  |  -49
12:04:24.892 | 08 | 0725 | 65 73 63 61 64 61  |  -49
12:04:25.105 | 08 | 0726 | 65 73 63 61 64 61  |  -49
12:04:25.331 | 08 | 0727 | 65 73 63 61 64 61  |  -49
12:04:25.585 | 08 | 0728 | 65 73 63 61 64 61  |  -49
12:04:25.839 | 08 | 0729 | 65 73 63 61 64 61  |  -49
12:04:26.068 | 08 | 0730 | 65 73 63 61 64 61  |  -49
12:04:26.264 | 08 | 0731 | 65 73 63 61 64 61  |  -49
12:04:26.466 | 08 | 0732 | 65 73 63 61 64 61  |  -49
12:04:26.699 | 08 | 0733 | 65 73 63 61 64 61  |  -49
12:04:26.931 | 08 | 0734 | 65 73 63 61 64 61  |  -49
12:04:27.163 | 08 | 0735 | 65 73 63 61 64 61  |  -49
12:04:27.376 | 08 | 0736 | 65 73 63 61 64 61  |  -49
12:04:27.607 | 08 | 0737 | 65 73 63 61 64 61  |  -49
12:04:27.818 | 08 | 0738 | 65 73 63 61 64 61  |  -48
12:04:28.007 | 08 | 0739 | 65 73 63 61 64 61  |  -49
12:04:28.245 | 08 | 0740 | 65 73 63 61 64 61  |  -48
12:04:28.464 | 08 | 0741 | 65 73 63 61 64 61  |  -49
12:04:28.680 | 08 | 0742 | 65 73 63 61 64 61  |  -49
12:04:28.910 | 08 | 0743 | 65 73 63 61 64 61  |  -49
12:04:29.193 | 08 | 0744 | 65 73 63 61 64 61  |  -49
12:04:29.333 | 08 | 0745 | 65 73 63 61 64 61  |  -49
12:04:29.561 | 08 | 0746 | 65 73 63 61 64 61  |  -49
12:04:29.781 | 08 | 0747 | 65 73 63 61 64 61  |  -48
12:04:29.977 | 08 | 0748 | 65 73 63 61 64 61  |  -48
12:04:30.203 | 08 | 0749 | 65 73 63 61 64 61  |  -49
12:04:30.423 | 08 | 0750 | 65 73 63 61 64 61  |  -49
12:04:30.651 | 08 | 0751 | 65 73 63 61 64 61  |  -49
12:04:30.891 | 08 | 0752 | 65 73 63 61 64 61  |  -48
12:04:31.127 | 08 | 0753 | 65 73 63 61 64 61  |  -48
12:04:31.328 | 08 | 0754 | 65 73 63 61 64 61  |  -48
12:04:31.525 | 08 | 0755 | 65 73 63 61 64 61  |  -48
12:04:31.762 | 08 | 0756 | 65 73 63 61 64 61  |  -48
12:04:31.982 | 08 | 0757 | 65 73 63 61 64 61  |  -48
12:04:32.216 | 08 | 0758 | 65 73 63 61 64 61  |  -48
12:04:32.456 | 08 | 0759 | 65 73 63 61 64 61  |  -48
12:04:32.697 | 08 | 0760 | 65 73 63 61 64 61  |  -49
12:04:32.947 | 08 | 0761 | 65 73 63 61 64 61  |  -49
12:04:33.195 | 08 | 0762 | 65 73 63 61 64 61  |  -49
12:04:33.421 | 08 | 0763 | 65 73 63 61 64 61  |  -49
12:04:33.668 | 08 | 0764 | 65 73 63 61 64 61  |  -49
12:04:33.898 | 08 | 0765 | 65 73 63 61 64 61  |  -48
12:04:34.101 | 08 | 0766 | 65 73 63 61 64 61  |  -48
12:04:34.305 | 08 | 0767 | 65 73 63 61 64 61  |  -49
12:04:34.526 | 08 | 0768 | 65 73 63 61 64 61  |  -48
12:04:34.757 | 08 | 0769 | 65 73 63 61 64 61  |  -48
12:04:35.000 | 08 | 0770 | 65 73 63 61 64 61  |  -49
12:04:35.214 | 08 | 0771 | 65 73 63 61 64 61  |  -48
12:04:35.422 | 08 | 0772 | 65 73 63 61 64 61  |  -48
12:04:35.649 | 08 | 0773 | 65 73 63 61 64 61  |  -48
12:04:35.852 | 08 | 0774 | 65 73 63 61 64 61  |  -48
12:04:36.041 | 08 | 0775 | 65 73 63 61 64 61  |  -48
12:04:36.245 | 08 | 0776 | 65 73 63 61 64 61  |  -48
12:04:36.430 | 08 | 0777 | 65 73 63 61 64 61  |  -48
12:04:36.669 | 08 | 0778 | 65 73 63 61 64 61  |  -49
12:04:36.926 | 08 | 0779 | 65 73 63 61 64 61  |  -49
12:04:37.187 | 08 | 0780 | 65 73 63 61 64 61  |  -48
12:04:37.464 | 08 | 0781 | 65 73 63 61 64 61  |  -48
12:04:37.702 | 08 | 0782 | 65 73 63 61 64 61  |  -49
12:04:37.908 | 08 | 0783 | 65 73 63 61 64 61  |  -52
12:04:38.114 | 08 | 0784 | 65 73 63 61 64 61  |  -51
12:04:38.321 | 08 | 0785 | 65 73 63 61 64 61  |  -51
12:04:38.562 | 08 | 0786 | 65 73 63 61 64 61  |  -50
12:04:38.809 | 08 | 0787 | 65 73 63 61 64 61  |  -50
12:04:39.070 | 08 | 0788 | 65 73 63 61 64 61  |  -51
12:04:39.305 | 08 | 0789 | 65 73 63 61 64 61  |  -51
12:04:39.544 | 08 | 0790 | 65 73 63 61 64 61  |  -54
12:04:39.792 | 08 | 0791 | 65 73 63 61 64 61  |  -53
12:04:40.007 | 08 | 0792 | 65 73 63 61 64 61  |  -53
12:04:40.203 | 08 | 0793 | 65 73 63 61 64 61  |  -53
12:04:40.418 | 08 | 0794 | 65 73 63 61 64 61  |  -54
12:04:40.630 | 08 | 0795 | 65 73 63 61 64 61  |  -52
12:04:40.839 | 08 | 0796 | 65 73 63 61 64 61  |  -51
12:04:41.058 | 08 | 0797 | 65 73 63 61 64 61  |  -53
12:04:41.291 | 08 | 0798 | 65 73 63 61 64 61  |  -52
12:04:41.476 | 08 | 0799 | 65 73 63 61 64 61  |  -52
12:04:41.674 | 08 | 0800 | 65 73 63 61 64 61  |  -52
12:04:41.898 | 08 | 0801 | 65 73 63 61 64 61  |  -52
12:04:42.129 | 08 | 0802 | 65 73 63 61 64 61  |  -53
12:04:42.367 | 08 | 0803 | 65 73 63 61 64 61  |  -53
12:04:42.569 | 08 | 0804 | 65 73 63 61 64 61  |  -52
12:04:42.768 | 08 | 0805 | 65 73 63 61 64 61  |  -52
12:04:42.975 | 08 | 0806 | 65 73 63 61 64 61  |  -52
12:04:43.172 | 08 | 0807 | 65 73 63 61 64 61  |  -51
12:04:43.411 | 08 | 0808 | 65 73 63 61 64 61  |  -50
12:04:43.613 | 08 | 0809 | 65 73 63 61 64 61  |  -50
12:04:43.827 | 08 | 0810 | 65 73 63 61 64 61  |  -49
12:04:44.048 | 08 | 0811 | 65 73 63 61 64 61  |  -50
12:04:44.267 | 08 | 0812 | 65 73 63 61 64 61  |  -49
12:04:44.523 | 08 | 0813 | 65 73 63 61 64 61  |  -49
12:04:44.713 | 08 | 0814 | 65 73 63 61 64 61  |  -49
12:04:44.954 | 08 | 0815 | 65 73 63 61 64 61  |  -49
12:04:45.220 | 08 | 0816 | 65 73 63 61 64 61  |  -50
12:04:45.456 | 08 | 0817 | 65 73 63 61 64 61  |  -50
12:04:45.671 | 08 | 0818 | 65 73 63 61 64 61  |  -49
12:04:45.888 | 08 | 0819 | 65 73 63 61 64 61  |  -49
12:04:46.111 | 08 | 0820 | 65 73 63 61 64 61  |  -49
12:04:46.368 | 08 | 0821 | 65 73 63 61 64 61  |  -49
12:04:46.571 | 08 | 0822 | 65 73 63 61 64 61  |  -49
12:04:46.836 | 08 | 0823 | 65 73 63 61 64 61  |  -49
12:04:47.086 | 08 | 0824 | 65 73 63 61 64 61  |  -49
12:04:47.337 | 08 | 0825 | 65 73 63 61 64 61  |  -49
12:04:47.573 | 08 | 0826 | 65 73 63 61 64 61  |  -50
12:04:47.804 | 08 | 0827 | 65 73 63 61 64 61  |  -50
12:04:47.984 | 08 | 0828 | 65 73 63 61 64 61  |  -50
12:04:48.162 | 08 | 0829 | 65 73 63 61 64 61  |  -48
12:04:48.353 | 08 | 0830 | 65 73 63 61 64 61  |  -49
12:04:48.551 | 08 | 0831 | 65 73 63 61 64 61  |  -49
12:04:48.708 | 08 | 0832 | 65 73 63 61 64 61  |  -49
12:04:48.908 | 08 | 0833 | 65 73 63 61 64 61  |  -48
12:04:49.108 | 08 | 0834 | 65 73 63 61 64 61  |  -48
12:04:49.319 | 08 | 0835 | 65 73 63 61 64 61  |  -48
12:04:49.514 | 08 | 0836 | 65 73 63 61 64 61  |  -48
12:04:49.713 | 08 | 0837 | 65 73 63 61 64 61  |  -48
12:04:49.929 | 08 | 0838 | 65 73 63 61 64 61  |  -48
12:04:50.124 | 08 | 0839 | 65 73 63 61 64 61  |  -48
12:04:50.344 | 08 | 0840 | 65 73 63 61 64 61  |  -48
12:04:50.593 | 08 | 0841 | 65 73 63 61 64 61  |  -48
12:04:50.843 | 08 | 0842 | 65 73 63 61 64 61  |  -48
12:04:51.128 | 08 | 0843 | 65 73 63 61 64 61  |  -48
12:04:51.336 | 08 | 0844 | 65 73 63 61 64 61  |  -48
12:04:51.535 | 08 | 0845 | 65 73 63 61 64 61  |  -48
12:04:51.714 | 08 | 0846 | 65 73 63 61 64 61  |  -48
12:04:51.928 | 08 | 0847 | 65 73 63 61 64 61  |  -48
12:04:52.127 | 08 | 0848 | 65 73 63 61 64 61  |  -48
12:04:52.354 | 08 | 0849 | 65 73 63 61 64 61  |  -48
12:04:52.583 | 08 | 0850 | 65 73 63 61 64 61  |  -48
12:04:52.801 | 08 | 0851 | 65 73 63 61 64 61  |  -48
12:04:53.013 | 08 | 0852 | 65 73 63 61 64 61  |  -48
12:04:53.269 | 08 | 0853 | 65 73 63 61 64 61  |  -48
12:04:53.485 | 08 | 0854 | 65 73 63 61 64 61  |  -49
12:04:53.696 | 08 | 0855 | 65 73 63 61 64 61  |  -49
12:04:53.913 | 08 | 0856 | 65 73 63 61 64 61  |  -48
12:04:54.116 | 08 | 0857 | 65 73 63 61 64 61  |  -48
12:04:54.353 | 08 | 0858 | 65 73 63 61 64 61  |  -48
12:04:54.586 | 08 | 0859 | 65 73 63 61 64 61  |  -48
12:04:54.813 | 08 | 0860 | 65 73 63 61 64 61  |  -48
12:04:55.023 | 08 | 0861 | 65 73 63 61 64 61  |  -48
12:04:55.235 | 08 | 0862 | 65 73 63 61 64 61  |  -48
12:04:55.464 | 08 | 0863 | 65 73 63 61 64 61  |  -48
12:04:55.693 | 08 | 0864 | 65 73 63 61 64 61  |  -48
12:04:55.903 | 08 | 0865 | 65 73 63 61 64 61  |  -48
12:04:56.121 | 08 | 0866 | 65 73 63 61 64 61  |  -48
12:04:56.353 | 08 | 0867 | 65 73 63 61 64 61  |  -48
12:04:56.580 | 08 | 0868 | 65 73 63 61 64 61  |  -48
12:04:56.797 | 08 | 0869 | 65 73 63 61 64 61  |  -48
12:04:57.042 | 08 | 0870 | 65 73 63 61 64 61  |  -48
12:04:57.262 | 08 | 0871 | 65 73 63 61 64 61  |  -48
12:04:57.493 | 08 | 0872 | 65 73 63 61 64 61  |  -49
12:04:57.705 | 08 | 0873 | 65 73 63 61 64 61  |  -48
12:04:57.927 | 08 | 0874 | 65 73 63 61 64 61  |  -48
12:04:58.132 | 08 | 0875 | 65 73 63 61 64 61  |  -48
12:04:58.361 | 08 | 0876 | 65 73 63 61 64 61  |  -48
12:04:58.625 | 08 | 0877 | 65 73 63 61 64 61  |  -48
12:04:58.873 | 08 | 0878 | 65 73 63 61 64 61  |  -49
12:04:59.111 | 08 | 0879 | 65 73 63 61 64 61  |  -48
12:04:59.332 | 08 | 0880 | 65 73 63 61 64 61  |  -48
12:04:59.555 | 08 | 0881 | 65 73 63 61 64 61  |  -49
12:04:59.796 | 08 | 0882 | 65 73 63 61 64 61  |  -48
12:05:00.009 | 08 | 0883 | 65 73 63 61 64 61  |  -48
12:05:00.259 | 08 | 0884 | 65 73 63 61 64 61  |  -48
12:05:00.525 | 08 | 0885 | 65 73 63 61 64 61  |  -49
12:05:00.746 | 08 | 0886 | 65 73 63 61 64 61  |  -49
12:05:00.961 | 08 | 0887 | 65 73 63 61 64 61  |  -48
12:05:01.170 | 08 | 0888 | 65 73 63 61 64 61  |  -49
12:05:01.414 | 08 | 0889 | 65 73 63 61 64 61  |  -48
12:05:01.661 | 08 | 0890 | 65 73 63 61 64 61  |  -48
12:05:01.908 | 08 | 0891 | 65 73 63 61 64 61  |  -49
12:05:02.128 | 08 | 0892 | 65 73 63 61 64 61  |  -48
12:05:02.362 | 08 | 0893 | 65 73 63 61 64 61  |  -48
12:05:02.607 | 08 | 0894 | 65 73 63 61 64 61  |  -48
12:05:02.836 | 08 | 0895 | 65 73 63 61 64 61  |  -48
12:05:03.037 | 08 | 0896 | 65 73 63 61 64 61  |  -50
12:05:03.274 | 08 | 0897 | 65 73 63 61 64 61  |  -51
12:05:03.482 | 08 | 0898 | 65 73 63 61 64 61  |  -50
12:05:03.694 | 08 | 0899 | 65 73 63 61 64 61  |  -50
12:05:03.916 | 08 | 0900 | 65 73 63 61 64 61  |  -49
12:05:04.147 | 08 | 0901 | 65 73 63 61 64 61  |  -48
12:05:04.400 | 08 | 0902 | 65 73 63 61 64 61  |  -48
12:05:04.642 | 08 | 0903 | 65 73 63 61 64 61  |  -47
12:05:04.918 | 08 | 0904 | 65 73 63 61 64 61  |  -48
12:05:05.177 | 08 | 0905 | 65 73 63 61 64 61  |  -51
12:05:05.448 | 08 | 0906 | 65 73 63 61 64 61  |  -49
12:05:05.706 | 08 | 0907 | 65 73 63 61 64 61  |  -50
12:05:05.944 | 08 | 0908 | 65 73 63 61 64 61  |  -48
12:05:06.177 | 08 | 0909 | 65 73 63 61 64 61  |  -48
12:05:06.367 | 08 | 0910 | 65 73 63 61 64 61  |  -49
12:05:06.585 | 08 | 0911 | 65 73 63 61 64 61  |  -50
12:05:06.793 | 08 | 0912 | 65 73 63 61 64 61  |  -50
12:05:07.009 | 08 | 0913 | 65 73 63 61 64 61  |  -50
12:05:07.238 | 08 | 0914 | 65 73 63 61 64 61  |  -49
12:05:07.487 | 08 | 0915 | 65 73 63 61 64 61  |  -48
12:05:07.718 | 08 | 0916 | 65 73 63 61 64 61  |  -47
12:05:07.972 | 08 | 0917 | 65 73 63 61 64 61  |  -47
12:05:08.182 | 08 | 0918 | 65 73 63 61 64 61  |  -49
12:05:08.385 | 08 | 0919 | 65 73 63 61 64 61  |  -48
12:05:08.591 | 08 | 0920 | 65 73 63 61 64 61  |  -48
12:05:08.844 | 08 | 0921 | 65 73 63 61 64 61  |  -50
12:05:09.070 | 08 | 0922 | 65 73 63 61 64 61  |  -51
12:05:09.277 | 08 | 0923 | 65 73 63 61 64 61  |  -50
12:05:09.497 | 08 | 0924 | 65 73 63 61 64 61  |  -49
12:05:09.690 | 08 | 0925 | 65 73 63 61 64 61  |  -49
12:05:09.912 | 08 | 0926 | 65 73 63 61 64 61  |  -48
12:05:10.146 | 08 | 0927 | 65 73 63 61 64 61  |  -48
12:05:10.362 | 08 | 0928 | 65 73 63 61 64 61  |  -51
12:05:10.596 | 08 | 0929 | 65 73 63 61 64 61  |  -48
12:05:10.871 | 08 | 0930 | 65 73 63 61 64 61  |  -46
12:05:11.061 | 08 | 0931 | 65 73 63 61 64 61  |  -48
12:05:11.338 | 08 | 0932 | 65 73 63 61 64 61  |  -47
12:05:11.589 | 08 | 0933 | 65 73 63 61 64 61  |  -48
12:05:11.808 | 08 | 0934 | 65 73 63 61 64 61  |  -46
12:05:12.050 | 08 | 0935 | 65 73 63 61 64 61  |  -45
12:05:12.287 | 08 | 0936 | 65 73 63 61 64 61  |  -46
12:05:12.516 | 08 | 0937 | 65 73 63 61 64 61  |  -44
12:05:12.744 | 08 | 0938 | 65 73 63 61 64 61  |  -48
12:05:12.963 | 08 | 0939 | 65 73 63 61 64 61  |  -48
12:05:13.193 | 08 | 0940 | 65 73 63 61 64 61  |  -48
12:05:13.399 | 08 | 0941 | 65 73 63 61 64 61  |  -48
12:05:13.603 | 08 | 0942 | 65 73 63 61 64 61  |  -48
12:05:13.818 | 08 | 0943 | 65 73 63 61 64 61  |  -48
12:05:14.035 | 08 | 0944 | 65 73 63 61 64 61  |  -49
12:05:14.250 | 08 | 0945 | 65 73 63 61 64 61  |  -48
12:05:14.467 | 08 | 0946 | 65 73 63 61 64 61  |  -49
12:05:14.689 | 08 | 0947 | 65 73 63 61 64 61  |  -48
12:05:14.902 | 08 | 0948 | 65 73 63 61 64 61  |  -48
12:05:15.122 | 08 | 0949 | 65 73 63 61 64 61  |  -48
12:05:15.343 | 08 | 0950 | 65 73 63 61 64 61  |  -48
12:05:15.567 | 08 | 0951 | 65 73 63 61 64 61  |  -48
12:05:15.768 | 08 | 0952 | 65 73 63 61 64 61  |  -49
12:05:15.981 | 08 | 0953 | 65 73 63 61 64 61  |  -49
12:05:16.213 | 08 | 0954 | 65 73 63 61 64 61  |  -49
12:05:16.436 | 08 | 0955 | 65 73 63 61 64 61  |  -48
12:05:16.674 | 08 | 0956 | 65 73 63 61 64 61  |  -48
12:05:16.894 | 08 | 0957 | 65 73 63 61 64 61  |  -48
12:05:17.127 | 08 | 0958 | 65 73 63 61 64 61  |  -48
12:05:17.403 | 08 | 0959 | 65 73 63 61 64 61  |  -48
12:05:17.634 | 08 | 0960 | 65 73 63 61 64 61  |  -48
12:05:17.830 | 08 | 0961 | 65 73 63 61 64 61  |  -48
12:05:18.052 | 08 | 0962 | 65 73 63 61 64 61  |  -48
12:05:18.268 | 08 | 0963 | 65 73 63 61 64 61  |  -48
12:05:18.494 | 08 | 0964 | 65 73 63 61 64 61  |  -48
12:05:18.709 | 08 | 0965 | 65 73 63 61 64 61  |  -48
12:05:18.935 | 08 | 0966 | 65 73 63 61 64 61  |  -48
12:05:19.178 | 08 | 0967 | 65 73 63 61 64 61  |  -48
12:05:19.398 | 08 | 0968 | 65 73 63 61 64 61  |  -47
12:05:19.608 | 08 | 0969 | 65 73 63 61 64 61  |  -47
12:05:19.809 | 08 | 0970 | 65 73 63 61 64 61  |  -47
12:05:20.004 | 08 | 0971 | 65 73 63 61 64 61  |  -47
12:05:20.226 | 08 | 0972 | 65 73 63 61 64 61  |  -47
12:05:20.454 | 08 | 0973 | 65 73 63 61 64 61  |  -47
12:05:20.645 | 08 | 0974 | 65 73 63 61 64 61  |  -48
12:05:20.884 | 08 | 0975 | 65 73 63 61 64 61  |  -48
12:05:21.102 | 08 | 0976 | 65 73 63 61 64 61  |  -47
12:05:21.362 | 08 | 0977 | 65 73 63 61 64 61  |  -48
12:05:21.571 | 08 | 0978 | 65 73 63 61 64 61  |  -48
12:05:21.788 | 08 | 0979 | 65 73 63 61 64 61  |  -47
12:05:21.994 | 08 | 0980 | 65 73 63 61 64 61  |  -47
12:05:22.203 | 08 | 0981 | 65 73 63 61 64 61  |  -46
12:05:22.387 | 08 | 0982 | 65 73 63 61 64 61  |  -48
12:05:22.624 | 08 | 0983 | 65 73 63 61 64 61  |  -48
12:05:22.854 | 08 | 0984 | 65 73 63 61 64 61  |  -48
12:05:23.087 | 08 | 0985 | 65 73 63 61 64 61  |  -48
12:05:23.332 | 08 | 0986 | 65 73 63 61 64 61  |  -48
12:05:23.538 | 08 | 0987 | 65 73 63 61 64 61  |  -48
12:05:23.769 | 08 | 0988 | 65 73 63 61 64 61  |  -48
12:05:23.958 | 08 | 0989 | 65 73 63 61 64 61  |  -48
12:05:24.185 | 08 | 0990 | 65 73 63 61 64 61  |  -48
12:05:24.398 | 08 | 0991 | 65 73 63 61 64 61  |  -48
12:05:24.603 | 08 | 0992 | 65 73 63 61 64 61  |  -48
12:05:24.831 | 08 | 0993 | 65 73 63 61 64 61  |  -48
12:05:25.054 | 08 | 0994 | 65 73 63 61 64 61  |  -47
12:05:25.283 | 08 | 0995 | 65 73 63 61 64 61  |  -47
12:05:25.494 | 08 | 0996 | 65 73 63 61 64 61  |  -48
12:05:25.740 | 08 | 0997 | 65 73 63 61 64 61  |  -48
12:05:25.965 | 08 | 0998 | 65 73 63 61 64 61  |  -48
12:05:26.175 | 08 | 0999 | 65 73 63 61 64 61  |  -50
12:05:26.417 | 08 | 1000 | 65 73 63 61 64 61  |  -48
12:05:26.639 | 08 | 1001 | 65 73 63 61 64 61  |  -48
12:05:26.859 | 08 | 1002 | 65 73 63 61 64 61  |  -48
12:05:27.102 | 08 | 1003 | 65 73 63 61 64 61  |  -49
12:05:27.377 | 08 | 1004 | 65 73 63 61 64 61  |  -50
12:05:27.605 | 08 | 1005 | 65 73 63 61 64 61  |  -48
12:05:27.831 | 08 | 1006 | 65 73 63 61 64 61  |  -49
12:05:28.039 | 08 | 1007 | 65 73 63 61 64 61  |  -49
12:05:28.302 | 08 | 1008 | 65 73 63 61 64 61  |  -48
12:05:28.521 | 08 | 1009 | 65 73 63 61 64 61  |  -48
12:05:28.732 | 08 | 1010 | 65 73 63 61 64 61  |  -48
12:05:28.935 | 08 | 1011 | 65 73 63 61 64 61  |  -48
12:05:29.149 | 08 | 1012 | 65 73 63 61 64 61  |  -47
12:05:29.368 | 08 | 1013 | 65 73 63 61 64 61  |  -46
12:05:29.601 | 08 | 1014 | 65 73 63 61 64 61  |  -46
12:05:29.818 | 08 | 1015 | 65 73 63 61 64 61  |  -46
12:05:30.003 | 08 | 1016 | 65 73 63 61 64 61  |  -47
12:05:30.215 | 08 | 1017 | 65 73 63 61 64 61  |  -47
12:05:30.432 | 08 | 1018 | 65 73 63 61 64 61  |  -47
12:05:30.635 | 08 | 1019 | 65 73 63 61 64 61  |  -47
12:05:30.837 | 08 | 1020 | 65 73 63 61 64 61  |  -48
12:05:31.044 | 08 | 1021 | 65 73 63 61 64 61  |  -52
12:05:31.256 | 08 | 1022 | 65 73 63 61 64 61  |  -50
12:05:31.476 | 08 | 1023 | 65 73 63 61 64 61  |  -50
12:05:31.677 | 08 | 1024 | 65 73 63 61 64 61  |  -49
12:05:31.890 | 08 | 1025 | 65 73 63 61 64 61  |  -48
12:05:32.087 | 08 | 1026 | 65 73 63 61 64 61  |  -48
12:05:32.306 | 08 | 1027 | 65 73 63 61 64 61  |  -49
12:05:32.528 | 08 | 1028 | 65 73 63 61 64 61  |  -49
12:05:32.719 | 08 | 1029 | 65 73 63 61 64 61  |  -50
12:05:32.917 | 08 | 1030 | 65 73 63 61 64 61  |  -49
12:05:33.123 | 08 | 1031 | 65 73 63 61 64 61  |  -48
12:05:33.341 | 08 | 1032 | 65 73 63 61 64 61  |  -48
12:05:33.543 | 08 | 1033 | 65 73 63 61 64 61  |  -48
12:05:33.786 | 08 | 1034 | 65 73 63 61 64 61  |  -48
12:05:33.991 | 08 | 1035 | 65 73 63 61 64 61  |  -48
12:05:34.214 | 08 | 1036 | 65 73 63 61 64 61  |  -48
12:05:34.418 | 08 | 1037 | 65 73 63 61 64 61  |  -48
12:05:34.637 | 08 | 1038 | 65 73 63 61 64 61  |  -48
12:05:34.862 | 08 | 1039 | 65 73 63 61 64 61  |  -48
12:05:35.105 | 08 | 1040 | 65 73 63 61 64 61  |  -48
12:05:35.343 | 08 | 1041 | 65 73 63 61 64 61  |  -48
12:05:35.568 | 08 | 1042 | 65 73 63 61 64 61  |  -48
12:05:35.811 | 08 | 1043 | 65 73 63 61 64 61  |  -48
12:05:36.045 | 08 | 1044 | 65 73 63 61 64 61  |  -48
12:05:36.275 | 08 | 1045 | 65 73 63 61 64 61  |  -48
12:05:36.499 | 08 | 1046 | 65 73 63 61 64 61  |  -48
12:05:36.699 | 08 | 1047 | 65 73 63 61 64 61  |  -48
12:05:36.919 | 08 | 1048 | 65 73 63 61 64 61  |  -48
12:05:37.149 | 08 | 1049 | 65 73 63 61 64 61  |  -48
12:05:37.392 | 08 | 1050 | 65 73 63 61 64 61  |  -48
12:05:37.606 | 08 | 1051 | 65 73 63 61 64 61  |  -49
12:05:37.806 | 08 | 1052 | 65 73 63 61 64 61  |  -49
12:05:38.014 | 08 | 1053 | 65 73 63 61 64 61  |  -48
12:05:38.263 | 08 | 1054 | 65 73 63 61 64 61  |  -48
12:05:38.472 | 08 | 1055 | 65 73 63 61 64 61  |  -46
12:05:38.681 | 08 | 1056 | 65 73 63 61 64 61  |  -46
12:05:38.917 | 08 | 1057 | 65 73 63 61 64 61  |  -48
12:05:39.151 | 08 | 1058 | 65 73 63 61 64 61  |  -48
12:05:39.357 | 08 | 1059 | 65 73 63 61 64 61  |  -51
12:05:39.599 | 08 | 1060 | 65 73 63 61 64 61  |  -52
12:05:39.808 | 08 | 1061 | 65 73 63 61 64 61  |  -52
12:05:40.021 | 08 | 1062 | 65 73 63 61 64 61  |  -51
12:05:40.229 | 08 | 1063 | 65 73 63 61 64 61  |  -48
12:05:40.463 | 08 | 1064 | 65 73 63 61 64 61  |  -48
12:05:40.709 | 08 | 1065 | 65 73 63 61 64 61  |  -48
12:05:40.918 | 08 | 1066 | 65 73 63 61 64 61  |  -49
12:05:41.121 | 08 | 1067 | 65 73 63 61 64 61  |  -51
12:05:41.345 | 08 | 1068 | 65 73 63 61 64 61  |  -48
12:05:41.579 | 08 | 1069 | 65 73 63 61 64 61  |  -49
12:05:41.807 | 08 | 1070 | 65 73 63 61 64 61  |  -50
12:05:42.014 | 08 | 1071 | 65 73 63 61 64 61  |  -48
12:05:42.234 | 08 | 1072 | 65 73 63 61 64 61  |  -49
12:05:42.441 | 08 | 1073 | 65 73 63 61 64 61  |  -48
12:05:42.677 | 08 | 1074 | 65 73 63 61 64 61  |  -49
12:05:42.899 | 08 | 1075 | 65 73 63 61 64 61  |  -51
12:05:43.157 | 08 | 1076 | 65 73 63 61 64 61  |  -52
12:05:43.381 | 08 | 1077 | 65 73 63 61 64 61  |  -54
12:05:43.601 | 08 | 1078 | 65 73 63 61 64 61  |  -57
12:05:43.794 | 08 | 1079 | 65 73 63 61 64 61  |  -53
12:05:43.999 | 08 | 1080 | 65 73 63 61 64 61  |  -48
12:05:44.189 | 08 | 1081 | 65 73 63 61 64 61  |  -48
12:05:44.409 | 08 | 1082 | 65 73 63 61 64 61  |  -48
12:05:44.684 | 08 | 1083 | 65 73 63 61 64 61  |  -48
12:05:44.956 | 08 | 1084 | 65 73 63 61 64 61  |  -47
12:05:45.203 | 08 | 1085 | 65 73 63 61 64 61  |  -48
12:05:45.416 | 08 | 1086 | 65 73 63 61 64 61  |  -52
12:05:45.645 | 08 | 1087 | 65 73 63 61 64 61  |  -49
12:05:45.874 | 08 | 1088 | 65 73 63 61 64 61  |  -49
12:05:46.118 | 08 | 1089 | 65 73 63 61 64 61  |  -50
12:05:46.319 | 08 | 1090 | 65 73 63 61 64 61  |  -50
12:05:46.554 | 08 | 1091 | 65 73 63 61 64 61  |  -50
12:05:46.795 | 08 | 1092 | 65 73 63 61 64 61  |  -52
12:05:47.036 | 08 | 1093 | 65 73 63 61 64 61  |  -53
12:05:47.276 | 08 | 1094 | 65 73 63 61 64 61  |  -52
12:05:47.497 | 08 | 1095 | 65 73 63 61 64 61  |  -51
12:05:47.724 | 08 | 1096 | 65 73 63 61 64 61  |  -53
12:05:47.967 | 08 | 1097 | 65 73 63 61 64 61  |  -53
12:05:48.176 | 08 | 1098 | 65 73 63 61 64 61  |  -54
12:05:48.408 | 08 | 1099 | 65 73 63 61 64 61  |  -52
12:05:48.614 | 08 | 1100 | 65 73 63 61 64 61  |  -50
12:05:48.836 | 08 | 1101 | 65 73 63 61 64 61  |  -51
12:05:49.050 | 08 | 1102 | 65 73 63 61 64 61  |  -50
12:05:49.270 | 08 | 1103 | 65 73 63 61 64 61  |  -50
12:05:49.481 | 08 | 1104 | 65 73 63 61 64 61  |  -51
12:05:49.712 | 08 | 1105 | 65 73 63 61 64 61  |  -54
12:05:49.944 | 08 | 1106 | 65 73 63 61 64 61  |  -51
12:05:50.185 | 08 | 1107 | 65 73 63 61 64 61  |  -51
12:05:50.409 | 08 | 1108 | 65 73 63 61 64 61  |  -49
12:05:50.648 | 08 | 1109 | 65 73 63 61 64 61  |  -49
12:05:50.865 | 08 | 1110 | 65 73 63 61 64 61  |  -50
12:05:51.088 | 08 | 1111 | 65 73 63 61 64 61  |  -50
12:05:51.310 | 08 | 1112 | 65 73 63 61 64 61  |  -50
12:05:51.542 | 08 | 1113 | 65 73 63 61 64 61  |  -50
12:05:51.760 | 08 | 1114 | 65 73 63 61 64 61  |  -50
12:05:51.968 | 08 | 1115 | 65 73 63 61 64 61  |  -49
12:05:52.240 | 08 | 1116 | 65 73 63 61 64 61  |  -49
12:05:52.434 | 08 | 1117 | 65 73 63 61 64 61  |  -49
12:05:52.646 | 08 | 1118 | 65 73 63 61 64 61  |  -52
12:05:52.846 | 08 | 1119 | 65 73 63 61 64 61  |  -51
12:05:53.067 | 08 | 1120 | 65 73 63 61 64 61  |  -52
12:05:53.276 | 08 | 1121 | 65 73 63 61 64 61  |  -51
12:05:53.517 | 08 | 1122 | 65 73 63 61 64 61  |  -52
12:05:53.723 | 08 | 1123 | 65 73 63 61 64 61  |  -52
12:05:53.949 | 08 | 1124 | 65 73 63 61 64 61  |  -53
12:05:54.174 | 08 | 1125 | 65 73 63 61 64 61  |  -52
12:05:54.393 | 08 | 1126 | 65 73 63 61 64 61  |  -52
12:05:54.610 | 08 | 1127 | 65 73 63 61 64 61  |  -54
12:05:54.838 | 08 | 1128 | 65 73 63 61 64 61  |  -53
12:05:55.075 | 08 | 1129 | 65 73 63 61 64 61  |  -53
12:05:55.271 | 08 | 1130 | 65 73 63 61 64 61  |  -52
12:05:55.540 | 08 | 1131 | 65 73 63 61 64 61  |  -51
12:05:55.765 | 08 | 1132 | 65 73 63 61 64 61  |  -53
12:05:55.975 | 08 | 1133 | 65 73 63 61 64 61  |  -50
12:05:56.157 | 08 | 1134 | 65 73 63 61 64 61  |  -51
12:05:56.335 | 08 | 1135 | 65 73 63 61 64 61  |  -53
12:05:56.510 | 08 | 1136 | 65 73 63 61 64 61  |  -52
12:05:56.752 | 08 | 1137 | 65 73 63 61 64 61  |  -51
12:05:57.006 | 08 | 1138 | 65 73 63 61 64 61  |  -52
12:05:57.226 | 08 | 1139 | 65 73 63 61 64 61  |  -53
12:05:57.471 | 08 | 1140 | 65 73 63 61 64 61  |  -52
12:05:57.670 | 08 | 1141 | 65 73 63 61 64 61  |  -50
12:05:57.915 | 08 | 1142 | 65 73 63 61 64 61  |  -50
12:05:58.151 | 08 | 1143 | 65 73 63 61 64 61  |  -50
12:05:58.353 | 08 | 1144 | 65 73 63 61 64 61  |  -48
12:05:58.549 | 08 | 1145 | 65 73 63 61 64 61  |  -48
12:05:58.792 | 08 | 1146 | 65 73 63 61 64 61  |  -48
12:05:59.044 | 08 | 1147 | 65 73 63 61 64 61  |  -48
12:05:59.336 | 08 | 1148 | 65 73 63 61 64 61  |  -50
12:05:59.584 | 08 | 1149 | 65 73 63 61 64 61  |  -49
12:05:59.788 | 08 | 1150 | 65 73 63 61 64 61  |  -49
12:06:00.025 | 08 | 1151 | 65 73 63 61 64 61  |  -50
12:06:00.295 | 08 | 1152 | 65 73 63 61 64 61  |  -52
12:06:00.554 | 08 | 1153 | 65 73 63 61 64 61  |  -53
12:06:00.789 | 08 | 1154 | 65 73 63 61 64 61  |  -54
12:06:01.000 | 08 | 1155 | 65 73 63 61 64 61  |  -53
12:06:01.254 | 08 | 1156 | 65 73 63 61 64 61  |  -53
12:06:01.525 | 08 | 1157 | 65 73 63 61 64 61  |  -53
12:06:01.764 | 08 | 1158 | 65 73 63 61 64 61  |  -56
12:06:01.985 | 08 | 1159 | 65 73 63 61 64 61  |  -54
12:06:02.189 | 08 | 1160 | 65 73 63 61 64 61  |  -54
12:06:02.412 | 08 | 1161 | 65 73 63 61 64 61  |  -54
12:06:02.643 | 08 | 1162 | 65 73 63 61 64 61  |  -55
12:06:02.876 | 08 | 1163 | 65 73 63 61 64 61  |  -54
12:06:03.082 | 08 | 1164 | 65 73 63 61 64 61  |  -54
12:06:03.328 | 08 | 1165 | 65 73 63 61 64 61  |  -53
12:06:03.568 | 08 | 1166 | 65 73 63 61 64 61  |  -54
12:06:03.780 | 08 | 1167 | 65 73 63 61 64 61  |  -54
12:06:03.992 | 08 | 1168 | 65 73 63 61 64 61  |  -54
12:06:04.201 | 08 | 1169 | 65 73 63 61 64 61  |  -54
12:06:04.407 | 08 | 1170 | 65 73 63 61 64 61  |  -54
12:06:04.613 | 08 | 1171 | 65 73 63 61 64 61  |  -52
12:06:04.818 | 08 | 1172 | 65 73 63 61 64 61  |  -53
12:06:05.036 | 08 | 1173 | 65 73 63 61 64 61  |  -53
12:06:05.253 | 08 | 1174 | 65 73 63 61 64 61  |  -53
12:06:05.499 | 08 | 1175 | 65 73 63 61 64 61  |  -53
12:06:05.756 | 08 | 1176 | 65 73 63 61 64 61  |  -53
12:06:05.951 | 08 | 1177 | 65 73 63 61 64 61  |  -53
12:06:06.163 | 08 | 1178 | 65 73 63 61 64 61  |  -53
12:06:06.371 | 08 | 1179 | 65 73 63 61 64 61  |  -53
12:06:06.600 | 08 | 1180 | 65 73 63 61 64 61  |  -54
12:06:06.821 | 08 | 1181 | 65 73 63 61 64 61  |  -54
12:06:07.023 | 08 | 1182 | 65 73 63 61 64 61  |  -54
12:06:07.261 | 08 | 1183 | 65 73 63 61 64 61  |  -53
12:06:07.505 | 08 | 1184 | 65 73 63 61 64 61  |  -52
12:06:07.704 | 08 | 1185 | 65 73 63 61 64 61  |  -52
12:06:07.894 | 08 | 1186 | 65 73 63 61 64 61  |  -52
12:06:08.113 | 08 | 1187 | 65 73 63 61 64 61  |  -53
12:06:08.332 | 08 | 1188 | 65 73 63 61 64 61  |  -52
12:06:08.539 | 08 | 1189 | 65 73 63 61 64 61  |  -52
12:06:08.811 | 08 | 1190 | 65 73 63 61 64 61  |  -52
12:06:09.071 | 08 | 1191 | 65 73 63 61 64 61  |  -52
12:06:09.311 | 08 | 1192 | 65 73 63 61 64 61  |  -52
12:06:09.540 | 08 | 1193 | 65 73 63 61 64 61  |  -52
12:06:09.767 | 08 | 1194 | 65 73 63 61 64 61  |  -52
12:06:09.972 | 08 | 1195 | 65 73 63 61 64 61  |  -52
12:06:10.200 | 08 | 1196 | 65 73 63 61 64 61  |  -52
12:06:10.433 | 08 | 1197 | 65 73 63 61 64 61  |  -52
12:06:10.682 | 08 | 1198 | 65 73 63 61 64 61  |  -52
12:06:10.917 | 08 | 1199 | 65 73 63 61 64 61  |  -52
12:06:11.149 | 08 | 1200 | 65 73 63 61 64 61  |  -52
12:06:11.372 | 08 | 1201 | 65 73 63 61 64 61  |  -51
12:06:11.598 | 08 | 1202 | 65 73 63 61 64 61  |  -51
12:06:11.844 | 08 | 1203 | 65 73 63 61 64 61  |  -51
12:06:12.088 | 08 | 1204 | 65 73 63 61 64 61  |  -51
12:06:12.315 | 08 | 1205 | 65 73 63 61 64 61  |  -52
12:06:12.515 | 08 | 1206 | 65 73 63 61 64 61  |  -54
12:06:12.740 | 08 | 1207 | 65 73 63 61 64 61  |  -54
12:06:12.939 | 08 | 1208 | 65 73 63 61 64 61  |  -54
12:06:13.141 | 08 | 1209 | 65 73 63 61 64 61  |  -54
12:06:13.365 | 08 | 1210 | 65 73 63 61 64 61  |  -54
12:06:13.571 | 08 | 1211 | 65 73 63 61 64 61  |  -54
12:06:13.758 | 08 | 1212 | 65 73 63 61 64 61  |  -52
12:06:13.967 | 08 | 1213 | 65 73 63 61 64 61  |  -53
12:06:14.170 | 08 | 1214 | 65 73 63 61 64 61  |  -52
12:06:14.368 | 08 | 1215 | 65 73 63 61 64 61  |  -53
12:06:14.594 | 08 | 1216 | 65 73 63 61 64 61  |  -53
12:06:14.810 | 08 | 1217 | 65 73 63 61 64 61  |  -54
12:06:15.043 | 08 | 1218 | 65 73 63 61 64 61  |  -54
12:06:15.262 | 08 | 1219 | 65 73 63 61 64 61  |  -53
12:06:15.486 | 08 | 1220 | 65 73 63 61 64 61  |  -53
12:06:15.696 | 08 | 1221 | 65 73 63 61 64 61  |  -52
12:06:15.900 | 08 | 1222 | 65 73 63 61 64 61  |  -52
12:06:16.100 | 08 | 1223 | 65 73 63 61 64 61  |  -52
12:06:16.324 | 08 | 1224 | 65 73 63 61 64 61  |  -52
12:06:16.561 | 08 | 1225 | 65 73 63 61 64 61  |  -52
12:06:16.809 | 08 | 1226 | 65 73 63 61 64 61  |  -53
12:06:17.034 | 08 | 1227 | 65 73 63 61 64 61  |  -53
12:06:17.267 | 08 | 1228 | 65 73 63 61 64 61  |  -53
12:06:17.542 | 08 | 1229 | 65 73 63 61 64 61  |  -52
12:06:17.758 | 08 | 1230 | 65 73 63 61 64 61  |  -52
12:06:17.952 | 08 | 1231 | 65 73 63 61 64 61  |  -52
12:06:18.189 | 08 | 1232 | 65 73 63 61 64 61  |  -52
12:06:18.411 | 08 | 1233 | 65 73 63 61 64 61  |  -52
12:06:18.626 | 08 | 1234 | 65 73 63 61 64 61  |  -52
12:06:18.855 | 08 | 1235 | 65 73 63 61 64 61  |  -52
12:06:19.069 | 08 | 1236 | 65 73 63 61 64 61  |  -52
12:06:19.271 | 08 | 1237 | 65 73 63 61 64 61  |  -52
12:06:19.494 | 08 | 1238 | 65 73 63 61 64 61  |  -52
12:06:19.715 | 08 | 1239 | 65 73 63 61 64 61  |  -52
12:06:19.954 | 08 | 1240 | 65 73 63 61 64 61  |  -52
12:06:20.197 | 08 | 1241 | 65 73 63 61 64 61  |  -50
12:06:20.431 | 08 | 1242 | 65 73 63 61 64 61  |  -51
12:06:20.642 | 08 | 1243 | 65 73 63 61 64 61  |  -50
12:06:20.851 | 08 | 1244 | 65 73 63 61 64 61  |  -50
12:06:21.049 | 08 | 1245 | 65 73 63 61 64 61  |  -50
12:06:21.258 | 08 | 1246 | 65 73 63 61 64 61  |  -50
12:06:21.466 | 08 | 1247 | 65 73 63 61 64 61  |  -50
12:06:21.709 | 08 | 1248 | 65 73 63 61 64 61  |  -51
12:06:21.927 | 08 | 1249 | 65 73 63 61 64 61  |  -51
12:06:22.125 | 08 | 1250 | 65 73 63 61 64 61  |  -51
12:06:22.340 | 08 | 1251 | 65 73 63 61 64 61  |  -52
12:06:22.565 | 08 | 1252 | 65 73 63 61 64 61  |  -51
12:06:22.797 | 08 | 1253 | 65 73 63 61 64 61  |  -52
12:06:23.025 | 08 | 1254 | 65 73 63 61 64 61  |  -53
12:06:23.241 | 08 | 1255 | 65 73 63 61 64 61  |  -53
12:06:23.474 | 08 | 1256 | 65 73 63 61 64 61  |  -53
12:06:23.715 | 08 | 1257 | 65 73 63 61 64 61  |  -54
12:06:23.971 | 08 | 1258 | 65 73 63 61 64 61  |  -53
12:06:24.192 | 08 | 1259 | 65 73 63 61 64 61  |  -53
12:06:24.421 | 08 | 1260 | 65 73 63 61 64 61  |  -53
12:06:24.627 | 08 | 1261 | 65 73 63 61 64 61  |  -53
12:06:24.833 | 08 | 1262 | 65 73 63 61 64 61  |  -54
12:06:25.028 | 08 | 1263 | 65 73 63 61 64 61  |  -54
12:06:25.256 | 08 | 1264 | 65 73 63 61 64 61  |  -53
12:06:25.503 | 08 | 1265 | 65 73 63 61 64 61  |  -54
12:06:25.750 | 08 | 1266 | 65 73 63 61 64 61  |  -53
12:06:25.958 | 08 | 1267 | 65 73 63 61 64 61  |  -53
12:06:26.173 | 08 | 1268 | 65 73 63 61 64 61  |  -53
12:06:26.392 | 08 | 1269 | 65 73 63 61 64 61  |  -53
12:06:26.642 | 08 | 1270 | 65 73 63 61 64 61  |  -53
12:06:26.873 | 08 | 1271 | 65 73 63 61 64 61  |  -53
12:06:27.113 | 08 | 1272 | 65 73 63 61 64 61  |  -52
12:06:27.357 | 08 | 1273 | 65 73 63 61 64 61  |  -53
12:06:27.610 | 08 | 1274 | 65 73 63 61 64 61  |  -54
12:06:27.830 | 08 | 1275 | 65 73 63 61 64 61  |  -54
12:06:28.053 | 08 | 1276 | 65 73 63 61 64 61  |  -54
12:06:28.254 | 08 | 1277 | 65 73 63 61 64 61  |  -54
12:06:28.474 | 08 | 1278 | 65 73 63 61 64 61  |  -54
12:06:28.682 | 08 | 1279 | 65 73 63 61 64 61  |  -51
12:06:28.900 | 08 | 1280 | 65 73 63 61 64 61  |  -52
12:06:29.082 | 08 | 1281 | 65 73 63 61 64 61  |  -53
12:06:29.309 | 08 | 1282 | 65 73 63 61 64 61  |  -49
12:06:29.513 | 08 | 1283 | 65 73 63 61 64 61  |  -47
12:06:29.759 | 08 | 1284 | 65 73 63 61 64 61  |  -47
12:06:29.955 | 08 | 1285 | 65 73 63 61 64 61  |  -48
12:06:30.171 | 08 | 1286 | 65 73 63 61 64 61  |  -49
12:06:30.414 | 08 | 1287 | 65 73 63 61 64 61  |  -49
12:06:30.612 | 08 | 1288 | 65 73 63 61 64 61  |  -48
12:06:30.856 | 08 | 1289 | 65 73 63 61 64 61  |  -48
12:06:31.106 | 08 | 1290 | 65 73 63 61 64 61  |  -49
12:06:31.347 | 08 | 1291 | 65 73 63 61 64 61  |  -52
12:06:31.616 | 08 | 1292 | 65 73 63 61 64 61  |  -52
12:06:31.849 | 08 | 1293 | 65 73 63 61 64 61  |  -49
12:06:32.069 | 08 | 1294 | 65 73 63 61 64 61  |  -48
12:06:32.240 | 08 | 1295 | 65 73 63 61 64 61  |  -47
12:06:32.473 | 08 | 1296 | 65 73 63 61 64 61  |  -47
12:06:32.707 | 08 | 1297 | 65 73 63 61 64 61  |  -46
12:06:32.943 | 08 | 1298 | 65 73 63 61 64 61  |  -46
12:06:33.145 | 08 | 1299 | 65 73 63 61 64 61  |  -46
12:06:33.380 | 08 | 1300 | 65 73 63 61 64 61  |  -46
12:06:33.581 | 08 | 1301 | 65 73 63 61 64 61  |  -47
12:06:33.853 | 08 | 1302 | 65 73 63 61 64 61  |  -48
12:06:34.020 | 08 | 1303 | 65 73 63 61 64 61  |  -49
12:06:34.207 | 08 | 1304 | 65 73 63 61 64 61  |  -51
12:06:34.418 | 08 | 1305 | 65 73 63 61 64 61  |  -50
12:06:34.639 | 08 | 1306 | 65 73 63 61 64 61  |  -51
12:06:34.873 | 08 | 1307 | 65 73 63 61 64 61  |  -51
12:06:35.113 | 08 | 1308 | 65 73 63 61 64 61  |  -52
12:06:35.349 | 08 | 1309 | 65 73 63 61 64 61  |  -50
12:06:35.589 | 08 | 1310 | 65 73 63 61 64 61  |  -52
12:06:35.836 | 08 | 1311 | 65 73 63 61 64 61  |  -52
12:06:36.063 | 08 | 1312 | 65 73 63 61 64 61  |  -54
12:06:36.271 | 08 | 1313 | 65 73 63 61 64 61  |  -52
12:06:36.490 | 08 | 1314 | 65 73 63 61 64 61  |  -51
12:06:36.702 | 08 | 1315 | 65 73 63 61 64 61  |  -50
12:06:36.918 | 08 | 1316 | 65 73 63 61 64 61  |  -52
12:06:37.122 | 08 | 1317 | 65 73 63 61 64 61  |  -52
12:06:37.346 | 08 | 1318 | 65 73 63 61 64 61  |  -51
12:06:37.607 | 08 | 1319 | 65 73 63 61 64 61  |  -48
12:06:37.837 | 08 | 1320 | 65 73 63 61 64 61  |  -48
12:06:38.042 | 08 | 1321 | 65 73 63 61 64 61  |  -50
12:06:38.251 | 08 | 1322 | 65 73 63 61 64 61  |  -50
12:06:38.421 | 08 | 1323 | 65 73 63 61 64 61  |  -52
12:06:38.640 | 08 | 1324 | 65 73 63 61 64 61  |  -52
12:06:38.892 | 08 | 1325 | 65 73 63 61 64 61  |  -52
12:06:39.129 | 08 | 1326 | 65 73 63 61 64 61  |  -52
12:06:39.385 | 08 | 1327 | 65 73 63 61 64 61  |  -53
12:06:39.618 | 08 | 1328 | 65 73 63 61 64 61  |  -52
12:06:39.864 | 08 | 1329 | 65 73 63 61 64 61  |  -53
12:06:40.081 | 08 | 1330 | 65 73 63 61 64 61  |  -52
12:06:40.313 | 08 | 1331 | 65 73 63 61 64 61  |  -53
12:06:40.528 | 08 | 1332 | 65 73 63 61 64 61  |  -53
12:06:40.741 | 08 | 1333 | 65 73 63 61 64 61  |  -53
12:06:40.963 | 08 | 1334 | 65 73 63 61 64 61  |  -53
12:06:41.181 | 08 | 1335 | 65 73 63 61 64 61  |  -52
12:06:41.416 | 08 | 1336 | 65 73 63 61 64 61  |  -52
12:06:41.629 | 08 | 1337 | 65 73 63 61 64 61  |  -52
12:06:41.867 | 08 | 1338 | 65 73 63 61 64 61  |  -52
12:06:42.104 | 08 | 1339 | 65 73 63 61 64 61  |  -52
12:06:42.340 | 08 | 1340 | 65 73 63 61 64 61  |  -52
12:06:42.572 | 08 | 1341 | 65 73 63 61 64 61  |  -52
12:06:42.788 | 08 | 1342 | 65 73 63 61 64 61  |  -52
12:06:43.033 | 08 | 1343 | 65 73 63 61 64 61  |  -52
12:06:43.267 | 08 | 1344 | 65 73 63 61 64 61  |  -52
12:06:43.505 | 08 | 1345 | 65 73 63 61 64 61  |  -52
12:06:43.719 | 08 | 1346 | 65 73 63 61 64 61  |  -52
12:06:43.950 | 08 | 1347 | 65 73 63 61 64 61  |  -51
12:06:44.144 | 08 | 1348 | 65 73 63 61 64 61  |  -51
12:06:44.378 | 08 | 1349 | 65 73 63 61 64 61  |  -51
12:06:44.612 | 08 | 1350 | 65 73 63 61 64 61  |  -52
12:06:44.847 | 08 | 1351 | 65 73 63 61 64 61  |  -52
12:06:45.082 | 08 | 1352 | 65 73 63 61 64 61  |  -51
12:06:45.304 | 08 | 1353 | 65 73 63 61 64 61  |  -52
12:06:45.536 | 08 | 1354 | 65 73 63 61 64 61  |  -51
12:06:45.738 | 08 | 1355 | 65 73 63 61 64 61  |  -52
12:06:45.954 | 08 | 1356 | 65 73 63 61 64 61  |  -52
12:06:46.166 | 08 | 1357 | 65 73 63 61 64 61  |  -52
12:06:46.358 | 08 | 1358 | 65 73 63 61 64 61  |  -51
12:06:46.620 | 08 | 1359 | 65 73 63 61 64 61  |  -52
12:06:46.839 | 08 | 1360 | 65 73 63 61 64 61  |  -52
12:06:47.063 | 08 | 1361 | 65 73 63 61 64 61  |  -51
12:06:47.297 | 08 | 1362 | 65 73 63 61 64 61  |  -47
12:06:47.521 | 08 | 1363 | 65 73 63 61 64 61  |  -46
12:06:47.723 | 08 | 1364 | 65 73 63 61 64 61  |  -46
12:06:47.942 | 08 | 1365 | 65 73 63 61 64 61  |  -46
12:06:48.169 | 08 | 1366 | 65 73 63 61 64 61  |  -46
12:06:48.393 | 08 | 1367 | 65 73 63 61 64 61  |  -46
12:06:48.591 | 08 | 1368 | 65 73 63 61 64 61  |  -47
12:06:48.811 | 08 | 1369 | 65 73 63 61 64 61  |  -48
12:06:49.018 | 08 | 1370 | 65 73 63 61 64 61  |  -48
12:06:49.246 | 08 | 1371 | 65 73 63 61 64 61  |  -48
12:06:49.452 | 08 | 1372 | 65 73 63 61 64 61  |  -48
12:06:49.692 | 08 | 1373 | 65 73 63 61 64 61  |  -48
12:06:49.916 | 08 | 1374 | 65 73 63 61 64 61  |  -48
12:06:50.157 | 08 | 1375 | 65 73 63 61 64 61  |  -47
12:06:50.408 | 08 | 1376 | 65 73 63 61 64 61  |  -47
12:06:50.622 | 08 | 1377 | 65 73 63 61 64 61  |  -48
12:06:50.856 | 08 | 1378 | 65 73 63 61 64 61  |  -48
12:06:51.096 | 08 | 1379 | 65 73 63 61 64 61  |  -47
12:06:51.349 | 08 | 1380 | 65 73 63 61 64 61  |  -47
12:06:51.567 | 08 | 1381 | 65 73 63 61 64 61  |  -48
12:06:51.795 | 08 | 1382 | 65 73 63 61 64 61  |  -48
12:06:52.013 | 08 | 1383 | 65 73 63 61 64 61  |  -48
12:06:52.242 | 08 | 1384 | 65 73 63 61 64 61  |  -48
12:06:52.492 | 08 | 1385 | 65 73 63 61 64 61  |  -48
12:06:52.703 | 08 | 1386 | 65 73 63 61 64 61  |  -48
12:06:52.909 | 08 | 1387 | 65 73 63 61 64 61  |  -48
12:06:53.122 | 08 | 1388 | 65 73 63 61 64 61  |  -48
12:06:53.326 | 08 | 1389 | 65 73 63 61 64 61  |  -48
12:06:53.555 | 08 | 1390 | 65 73 63 61 64 61  |  -48
12:06:53.776 | 08 | 1391 | 65 73 63 61 64 61  |  -48
12:06:53.991 | 08 | 1392 | 65 73 63 61 64 61  |  -48
12:06:54.203 | 08 | 1393 | 65 73 63 61 64 61  |  -48
12:06:54.429 | 08 | 1394 | 65 73 63 61 64 61  |  -48
12:06:54.668 | 08 | 1395 | 65 73 63 61 64 61  |  -48
12:06:54.875 | 08 | 1396 | 65 73 63 61 64 61  |  -49
12:06:55.093 | 08 | 1397 | 65 73 63 61 64 61  |  -49
12:06:55.324 | 08 | 1398 | 65 73 63 61 64 61  |  -48
12:06:55.535 | 08 | 1399 | 65 73 63 61 64 61  |  -48
12:06:55.746 | 08 | 1400 | 65 73 63 61 64 61  |  -48
12:06:55.978 | 08 | 1401 | 65 73 63 61 64 61  |  -48
12:06:56.195 | 08 | 1402 | 65 73 63 61 64 61  |  -48
12:06:56.414 | 08 | 1403 | 65 73 63 61 64 61  |  -48
12:06:56.643 | 08 | 1404 | 65 73 63 61 64 61  |  -48
12:06:56.883 | 08 | 1405 | 65 73 63 61 64 61  |  -48
12:06:57.136 | 08 | 1406 | 65 73 63 61 64 61  |  -49
12:06:57.333 | 08 | 1407 | 65 73 63 61 64 61  |  -49
12:06:57.544 | 08 | 1408 | 65 73 63 61 64 61  |  -48
12:06:57.746 | 08 | 1409 | 65 73 63 61 64 61  |  -48
12:06:57.971 | 08 | 1410 | 65 73 63 61 64 61  |  -48
12:06:58.204 | 08 | 1411 | 65 73 63 61 64 61  |  -47
12:06:58.400 | 08 | 1412 | 65 73 63 61 64 61  |  -47
12:06:58.607 | 08 | 1413 | 65 73 63 61 64 61  |  -47
12:06:58.835 | 08 | 1414 | 65 73 63 61 64 61  |  -47
12:06:59.058 | 08 | 1415 | 65 73 63 61 64 61  |  -47
12:06:59.263 | 08 | 1416 | 65 73 63 61 64 61  |  -47
12:06:59.498 | 08 | 1417 | 65 73 63 61 64 61  |  -47
12:06:59.742 | 08 | 1418 | 65 73 63 61 64 61  |  -48
12:06:59.952 | 08 | 1419 | 65 73 63 61 64 61  |  -48
12:07:00.168 | 08 | 1420 | 65 73 63 61 64 61  |  -48
12:07:00.426 | 08 | 1421 | 65 73 63 61 64 61  |  -48
12:07:00.644 | 08 | 1422 | 65 73 63 61 64 61  |  -48
12:07:00.859 | 08 | 1423 | 65 73 63 61 64 61  |  -48
12:07:01.092 | 08 | 1424 | 65 73 63 61 64 61  |  -48
12:07:01.358 | 08 | 1425 | 65 73 63 61 64 61  |  -47
12:07:01.574 | 08 | 1426 | 65 73 63 61 64 61  |  -47
12:07:01.812 | 08 | 1427 | 65 73 63 61 64 61  |  -47
12:07:02.020 | 08 | 1428 | 65 73 63 61 64 61  |  -47
12:07:02.250 | 08 | 1429 | 65 73 63 61 64 61  |  -47
12:07:02.488 | 08 | 1430 | 65 73 63 61 64 61  |  -47
12:07:02.694 | 08 | 1431 | 65 73 63 61 64 61  |  -47
12:07:02.946 | 08 | 1432 | 65 73 63 61 64 61  |  -47
12:07:03.223 | 08 | 1433 | 65 73 63 61 64 61  |  -47
12:07:03.461 | 08 | 1434 | 65 73 63 61 64 61  |  -48
12:07:03.680 | 08 | 1435 | 65 73 63 61 64 61  |  -48
12:07:03.920 | 08 | 1436 | 65 73 63 61 64 61  |  -47
12:07:04.168 | 08 | 1437 | 65 73 63 61 64 61  |  -48
12:07:04.393 | 08 | 1438 | 65 73 63 61 64 61  |  -49
12:07:04.615 | 08 | 1439 | 65 73 63 61 64 61  |  -49
12:07:04.824 | 08 | 1440 | 65 73 63 61 64 61  |  -49
12:07:05.041 | 08 | 1441 | 65 73 63 61 64 61  |  -49
12:07:05.266 | 08 | 1442 | 65 73 63 61 64 61  |  -49
12:07:05.493 | 08 | 1443 | 65 73 63 61 64 61  |  -49
12:07:05.714 | 08 | 1444 | 65 73 63 61 64 61  |  -48
12:07:05.916 | 08 | 1445 | 65 73 63 61 64 61  |  -49
12:07:06.143 | 08 | 1446 | 65 73 63 61 64 61  |  -50
12:07:06.395 | 08 | 1447 | 65 73 63 61 64 61  |  -49
12:07:06.654 | 08 | 1448 | 65 73 63 61 64 61  |  -50
12:07:06.875 | 08 | 1449 | 65 73 63 61 64 61  |  -50
12:07:07.121 | 08 | 1450 | 65 73 63 61 64 61  |  -50
12:07:07.366 | 08 | 1451 | 65 73 63 61 64 61  |  -50
12:07:07.602 | 08 | 1452 | 65 73 63 61 64 61  |  -49
12:07:07.816 | 08 | 1453 | 65 73 63 61 64 61  |  -49
12:07:08.038 | 08 | 1454 | 65 73 63 61 64 61  |  -49
12:07:08.267 | 08 | 1455 | 65 73 63 61 64 61  |  -48
12:07:08.464 | 08 | 1456 | 65 73 63 61 64 61  |  -49
12:07:08.651 | 08 | 1457 | 65 73 63 61 64 61  |  -49
12:07:08.853 | 08 | 1458 | 65 73 63 61 64 61  |  -49
12:07:09.060 | 08 | 1459 | 65 73 63 61 64 61  |  -50
12:07:09.314 | 08 | 1460 | 65 73 63 61 64 61  |  -50
12:07:09.551 | 08 | 1461 | 65 73 63 61 64 61  |  -50
12:07:09.775 | 08 | 1462 | 65 73 63 61 64 61  |  -50
12:07:10.007 | 08 | 1463 | 65 73 63 61 64 61  |  -50
12:07:10.221 | 08 | 1464 | 65 73 63 61 64 61  |  -50
12:07:10.424 | 08 | 1465 | 65 73 63 61 64 61  |  -50
12:07:10.640 | 08 | 1466 | 65 73 63 61 64 61  |  -50
12:07:10.864 | 08 | 1467 | 65 73 63 61 64 61  |  -51
12:07:11.081 | 08 | 1468 | 65 73 63 61 64 61  |  -50
12:07:11.321 | 08 | 1469 | 65 73 63 61 64 61  |  -48
12:07:11.549 | 08 | 1470 | 65 73 63 61 64 61  |  -47
12:07:11.765 | 08 | 1471 | 65 73 63 61 64 61  |  -47
12:07:11.958 | 08 | 1472 | 65 73 63 61 64 61  |  -47
12:07:12.193 | 08 | 1473 | 65 73 63 61 64 61  |  -47
12:07:12.413 | 08 | 1474 | 65 73 63 61 64 61  |  -46
12:07:12.654 | 08 | 1475 | 65 73 63 61 64 61  |  -46
12:07:12.861 | 08 | 1476 | 65 73 63 61 64 61  |  -47
12:07:13.082 | 08 | 1477 | 65 73 63 61 64 61  |  -47
12:07:13.306 | 08 | 1478 | 65 73 63 61 64 61  |  -47
12:07:13.534 | 08 | 1479 | 65 73 63 61 64 61  |  -47
12:07:13.754 | 08 | 1480 | 65 73 63 61 64 61  |  -48
12:07:13.960 | 08 | 1481 | 65 73 63 61 64 61  |  -48
12:07:14.208 | 08 | 1482 | 65 73 63 61 64 61  |  -48
12:07:14.438 | 08 | 1483 | 65 73 63 61 64 61  |  -50
12:07:14.652 | 08 | 1484 | 65 73 63 61 64 61  |  -52
12:07:14.857 | 08 | 1485 | 65 73 63 61 64 61  |  -51
12:07:15.101 | 08 | 1486 | 65 73 63 61 64 61  |  -51
12:07:15.321 | 08 | 1487 | 65 73 63 61 64 61  |  -51
12:07:15.575 | 08 | 1488 | 65 73 63 61 64 61  |  -50
12:07:15.739 | 08 | 1489 | 65 73 63 61 64 61  |  -56
12:07:15.955 | 08 | 1490 | 65 73 63 61 64 61  |  -50
12:07:16.179 | 08 | 1491 | 65 73 63 61 64 61  |  -49
12:07:16.393 | 08 | 1492 | 65 73 63 61 64 61  |  -51
12:07:16.601 | 08 | 1493 | 65 73 63 61 64 61  |  -52
12:07:16.830 | 08 | 1494 | 65 73 63 61 64 61  |  -47
12:07:17.056 | 08 | 1495 | 65 73 63 61 64 61  |  -46
12:07:17.289 | 08 | 1496 | 65 73 63 61 64 61  |  -46
12:07:17.510 | 08 | 1497 | 65 73 63 61 64 61  |  -56
12:07:17.750 | 08 | 1498 | 65 73 63 61 64 61  |  -55
12:07:17.941 | 08 | 1499 | 65 73 63 61 64 61  |  -54
