12:09:41.855 | 09 | 0000 | 65 63 74 63 33 30 31  |  -49
12:09:42.056 | 09 | 0001 | 65 63 74 63 33 30 31  |  -48
12:09:42.237 | 09 | 0002 | 65 63 74 63 33 30 31  |  -48
12:09:42.413 | 09 | 0003 | 65 63 74 63 33 30 31  |  -53
12:09:42.590 | 09 | 0004 | 65 63 74 63 33 30 31  |  -54
12:09:42.788 | 09 | 0005 | 65 63 74 63 33 30 31  |  -53
12:09:42.958 | 09 | 0006 | 65 63 74 63 33 30 31  |  -51
12:09:43.149 | 09 | 0007 | 65 63 74 63 33 30 31  |  -54
12:09:43.324 | 09 | 0008 | 65 63 74 63 33 30 31  |  -50
12:09:43.518 | 09 | 0009 | 65 63 74 63 33 30 31  |  -50
12:09:43.700 | 09 | 0010 | 65 63 74 63 33 30 31  |  -49
12:09:43.877 | 09 | 0011 | 65 63 74 63 33 30 31  |  -48
12:09:44.060 | 09 | 0012 | 65 63 74 63 33 30 31  |  -47
12:09:44.258 | 09 | 0013 | 65 63 74 63 33 30 31  |  -48
12:09:44.440 | 09 | 0014 | 65 63 74 63 33 30 31  |  -49
12:09:44.618 | 09 | 0015 | 65 63 74 63 33 30 31  |  -50
12:09:44.795 | 09 | 0016 | 65 63 74 63 33 30 31  |  -50
12:09:44.988 | 09 | 0017 | 65 63 74 63 33 30 31  |  -53
12:09:45.178 | 09 | 0018 | 65 63 74 63 33 30 31  |  -53
12:09:45.381 | 09 | 0019 | 65 63 74 63 33 30 31  |  -51
12:09:45.557 | 09 | 0020 | 65 63 74 63 33 30 31  |  -49
12:09:45.750 | 09 | 0021 | 65 63 74 63 33 30 31  |  -48
12:09:45.941 | 09 | 0022 | 65 63 74 63 33 30 31  |  -47
12:09:46.126 | 09 | 0023 | 65 63 74 63 33 30 31  |  -48
12:09:46.293 | 09 | 0024 | 65 63 74 63 33 30 31  |  -48
12:09:46.480 | 09 | 0025 | 65 63 74 63 33 30 31  |  -48
12:09:46.662 | 09 | 0026 | 65 63 74 63 33 30 31  |  -48
12:09:46.820 | 09 | 0027 | 65 63 74 63 33 30 31  |  -48
12:09:46.983 | 09 | 0028 | 65 63 74 63 33 30 31  |  -48
12:09:47.165 | 09 | 0029 | 65 63 74 63 33 30 31  |  -46
12:09:47.350 | 09 | 0030 | 65 63 74 63 33 30 31  |  -46
12:09:47.531 | 09 | 0031 | 65 63 74 63 33 30 31  |  -48
12:09:47.723 | 09 | 0032 | 65 63 74 63 33 30 31  |  -48
12:09:47.909 | 09 | 0033 | 65 63 74 63 33 30 31  |  -48
12:09:48.096 | 09 | 0034 | 65 63 74 63 33 30 31  |  -48
12:09:48.258 | 09 | 0035 | 65 63 74 63 33 30 31  |  -47
12:09:48.445 | 09 | 0036 | 65 63 74 63 33 30 31  |  -48
12:09:48.603 | 09 | 0037 | 65 63 74 63 33 30 31  |  -47
12:09:48.762 | 09 | 0038 | 65 63 74 63 33 30 31  |  -48
12:09:48.953 | 09 | 0039 | 65 63 74 63 33 30 31  |  -47
12:09:49.115 | 09 | 0040 | 65 63 74 63 33 30 31  |  -46
12:09:49.298 | 09 | 0041 | 65 63 74 63 33 30 31  |  -46
12:09:49.491 | 09 | 0042 | 65 63 74 63 33 30 31  |  -47
12:09:49.661 | 09 | 0043 | 65 63 74 63 33 30 31  |  -48
12:09:49.850 | 09 | 0044 | 65 63 74 63 33 30 31  |  -48
12:09:50.032 | 09 | 0045 | 65 63 74 63 33 30 31  |  -48
12:09:50.223 | 09 | 0046 | 65 63 74 63 33 30 31  |  -47
12:09:50.376 | 09 | 0047 | 65 63 74 63 33 30 31  |  -46
12:09:50.539 | 09 | 0048 | 65 63 74 63 33 30 31  |  -47
12:09:50.696 | 09 | 0049 | 65 63 74 63 33 30 31  |  -46
12:09:50.884 | 09 | 0050 | 65 63 74 63 33 30 31  |  -47
12:09:51.075 | 09 | 0051 | 65 63 74 63 33 30 31  |  -47
12:09:51.264 | 09 | 0052 | 65 63 74 63 33 30 31  |  -47
12:09:51.425 | 09 | 0053 | 65 63 74 63 33 30 31  |  -46
12:09:51.588 | 09 | 0054 | 65 63 74 63 33 30 31  |  -48
12:09:51.774 | 09 | 0055 | 65 63 74 63 33 30 31  |  -48
12:09:51.935 | 09 | 0056 | 65 63 74 63 33 30 31  |  -48
12:09:52.111 | 09 | 0057 | 65 63 74 63 33 30 31  |  -47
12:09:52.291 | 09 | 0058 | 65 63 74 63 33 30 31  |  -48
12:09:52.464 | 09 | 0059 | 65 63 74 63 33 30 31  |  -48
12:09:52.655 | 09 | 0060 | 65 63 74 63 33 30 31  |  -48
12:09:52.831 | 09 | 0061 | 65 63 74 63 33 30 31  |  -48
12:09:53.005 | 09 | 0062 | 65 63 74 63 33 30 31  |  -48
12:09:53.171 | 09 | 0063 | 65 63 74 63 33 30 31  |  -48
12:09:53.354 | 09 | 0064 | 65 63 74 63 33 30 31  |  -48
12:09:53.560 | 09 | 0065 | 65 63 74 63 33 30 31  |  -48
12:09:53.725 | 09 | 0066 | 65 63 74 63 33 30 31  |  -47
12:09:53.916 | 09 | 0067 | 65 63 74 63 33 30 31  |  -46
12:09:54.183 | 09 | 0068 | 65 63 74 63 33 30 31  |  -46
12:09:54.425 | 09 | 0069 | 65 63 74 63 33 30 31  |  -46
12:09:54.710 | 09 | 0070 | 65 63 74 63 33 30 31  |  -46
12:09:54.980 | 09 | 0071 | 65 63 74 63 33 30 31  |  -46
12:09:55.251 | 09 | 0072 | 65 63 74 63 33 30 31  |  -46
12:09:55.498 | 09 | 0073 | 65 63 74 63 33 30 31  |  -46
12:09:55.756 | 09 | 0074 | 65 63 74 63 33 30 31  |  -46
12:09:56.020 | 09 | 0075 | 65 63 74 63 33 30 31  |  -46
12:09:56.267 | 09 | 0076 | 65 63 74 63 33 30 31  |  -46
12:09:56.532 | 09 | 0077 | 65 63 74 63 33 30 31  |  -46
12:09:56.786 | 09 | 0078 | 65 63 74 63 33 30 31  |  -46
12:09:57.030 | 09 | 0079 | 65 63 74 63 33 30 31  |  -46
12:09:57.252 | 09 | 0080 | 65 63 74 63 33 30 31  |  -46
12:09:57.466 | 09 | 0081 | 65 63 74 63 33 30 31  |  -46
12:09:57.689 | 09 | 0082 | 65 63 74 63 33 30 31  |  -46
12:09:57.941 | 09 | 0083 | 65 63 74 63 33 30 31  |  -46
12:09:58.174 | 09 | 0084 | 65 63 74 63 33 30 31  |  -46
12:09:58.410 | 09 | 0085 | 65 63 74 63 33 30 31  |  -46
12:09:58.647 | 09 | 0086 | 65 63 74 63 33 30 31  |  -46
12:09:58.895 | 09 | 0087 | 65 63 74 63 33 30 31  |  -46
12:09:59.137 | 09 | 0088 | 65 63 74 63 33 30 31  |  -46
12:09:59.365 | 09 | 0089 | 65 63 74 63 33 30 31  |  -46
12:09:59.578 | 09 | 0090 | 65 63 74 63 33 30 31  |  -46
12:09:59.790 | 09 | 0091 | 65 63 74 63 33 30 31  |  -46
12:09:59.993 | 09 | 0092 | 65 63 74 63 33 30 31  |  -46
12:10:00.230 | 09 | 0093 | 65 63 74 63 33 30 31  |  -46
12:10:00.480 | 09 | 0094 | 65 63 74 63 33 30 31  |  -46
12:10:00.728 | 09 | 0095 | 65 63 74 63 33 30 31  |  -46
12:10:00.970 | 09 | 0096 | 65 63 74 63 33 30 31  |  -46
12:10:01.208 | 09 | 0097 | 65 63 74 63 33 30 31  |  -46
12:10:01.411 | 09 | 0098 | 65 63 74 63 33 30 31  |  -46
12:10:01.601 | 09 | 0099 | 65 63 74 63 33 30 31  |  -46
12:10:01.801 | 09 | 0100 | 65 63 74 63 33 30 31  |  -46
12:10:02.022 | 09 | 0101 | 65 63 74 63 33 30 31  |  -46
12:10:02.260 | 09 | 0102 | 65 63 74 63 33 30 31  |  -46
12:10:02.509 | 09 | 0103 | 65 63 74 63 33 30 31  |  -46
12:10:02.736 | 09 | 0104 | 65 63 74 63 33 30 31  |  -46
12:10:02.940 | 09 | 0105 | 65 63 74 63 33 30 31  |  -46
12:10:03.141 | 09 | 0106 | 65 63 74 63 33 30 31  |  -46
12:10:03.316 | 09 | 0107 | 65 63 74 63 33 30 31  |  -46
12:10:03.520 | 09 | 0108 | 65 63 74 63 33 30 31  |  -46
12:10:03.774 | 09 | 0109 | 65 63 74 63 33 30 31  |  -46
12:10:04.011 | 09 | 0110 | 65 63 74 63 33 30 31  |  -46
12:10:04.257 | 09 | 0111 | 65 63 74 63 33 30 31  |  -46
12:10:04.490 | 09 | 0112 | 65 63 74 63 33 30 31  |  -46
12:10:04.740 | 09 | 0113 | 65 63 74 63 33 30 31  |  -46
12:10:04.938 | 09 | 0114 | 65 63 74 63 33 30 31  |  -46
12:10:05.116 | 09 | 0115 | 65 63 74 63 33 30 31  |  -46
12:10:05.330 | 09 | 0116 | 65 63 74 63 33 30 31  |  -46
12:10:05.558 | 09 | 0117 | 65 63 74 63 33 30 31  |  -46
12:10:05.776 | 09 | 0118 | 65 63 74 63 33 30 31  |  -46
12:10:05.975 | 09 | 0119 | 65 63 74 63 33 30 31  |  -46
12:10:06.183 | 09 | 0120 | 65 63 74 63 33 30 31  |  -46
12:10:06.408 | 09 | 0121 | 65 63 74 63 33 30 31  |  -47
12:10:06.652 | 09 | 0122 | 65 63 74 63 33 30 31  |  -46
12:10:06.899 | 09 | 0123 | 65 63 74 63 33 30 31  |  -46
12:10:07.148 | 09 | 0124 | 65 63 74 63 33 30 31  |  -46
12:10:07.406 | 09 | 0125 | 65 63 74 63 33 30 31  |  -46
12:10:07.668 | 09 | 0126 | 65 63 74 63 33 30 31  |  -47
12:10:07.920 | 09 | 0127 | 65 63 74 63 33 30 31  |  -46
12:10:08.182 | 09 | 0128 | 65 63 74 63 33 30 31  |  -46
12:10:08.438 | 09 | 0129 | 65 63 74 63 33 30 31  |  -46
12:10:08.674 | 09 | 0130 | 65 63 74 63 33 30 31  |  -46
12:10:08.913 | 09 | 0131 | 65 63 74 63 33 30 31  |  -47
12:10:09.170 | 09 | 0132 | 65 63 74 63 33 30 31  |  -47
12:10:09.466 | 09 | 0133 | 65 63 74 63 33 30 31  |  -47
12:10:09.677 | 09 | 0134 | 65 63 74 63 33 30 31  |  -46
12:10:09.893 | 09 | 0135 | 65 63 74 63 33 30 31  |  -46
12:10:10.147 | 09 | 0136 | 65 63 74 63 33 30 31  |  -47
12:10:10.350 | 09 | 0137 | 65 63 74 63 33 30 31  |  -47
12:10:10.570 | 09 | 0138 | 65 63 74 63 33 30 31  |  -47
12:10:10.800 | 09 | 0139 | 65 63 74 63 33 30 31  |  -46
12:10:11.032 | 09 | 0140 | 65 63 74 63 33 30 31  |  -46
12:10:11.268 | 09 | 0141 | 65 63 74 63 33 30 31  |  -46
12:10:11.517 | 09 | 0142 | 65 63 74 63 33 30 31  |  -47
12:10:11.779 | 09 | 0143 | 65 63 74 63 33 30 31  |  -47
12:10:12.002 | 09 | 0144 | 65 63 74 63 33 30 31  |  -45
12:10:12.233 | 09 | 0145 | 65 63 74 63 33 30 31  |  -46
12:10:12.466 | 09 | 0146 | 65 63 74 63 33 30 31  |  -46
12:10:12.707 | 09 | 0147 | 65 63 74 63 33 30 31  |  -46
12:10:12.961 | 09 | 0148 | 65 63 74 63 33 30 31  |  -46
12:10:13.198 | 09 | 0149 | 65 63 74 63 33 30 31  |  -46
12:10:13.432 | 09 | 0150 | 65 63 74 63 33 30 31  |  -44
12:10:13.689 | 09 | 0151 | 65 63 74 63 33 30 31  |  -46
12:10:13.941 | 09 | 0152 | 65 63 74 63 33 30 31  |  -46
12:10:14.162 | 09 | 0153 | 65 63 74 63 33 30 31  |  -46
12:10:14.384 | 09 | 0154 | 65 63 74 63 33 30 31  |  -46
12:10:14.591 | 09 | 0155 | 65 63 74 63 33 30 31  |  -47
12:10:14.817 | 09 | 0156 | 65 63 74 63 33 30 31  |  -47
12:10:15.049 | 09 | 0157 | 65 63 74 63 33 30 31  |  -46
12:10:15.280 | 09 | 0158 | 65 63 74 63 33 30 31  |  -46
12:10:15.506 | 09 | 0159 | 65 63 74 63 33 30 31  |  -46
12:10:15.738 | 09 | 0160 | 65 63 74 63 33 30 31  |  -46
12:10:15.969 | 09 | 0161 | 65 63 74 63 33 30 31  |  -46
12:10:16.209 | 09 | 0162 | 65 63 74 63 33 30 31  |  -46
12:10:16.469 | 09 | 0163 | 65 63 74 63 33 30 31  |  -46
12:10:16.699 | 09 | 0164 | 65 63 74 63 33 30 31  |  -46
12:10:16.941 | 09 | 0165 | 65 63 74 63 33 30 31  |  -46
12:10:17.184 | 09 | 0166 | 65 63 74 63 33 30 31  |  -46
12:10:17.401 | 09 | 0167 | 65 63 74 63 33 30 31  |  -46
12:10:17.601 | 09 | 0168 | 65 63 74 63 33 30 31  |  -46
12:10:17.797 | 09 | 0169 | 65 63 74 63 33 30 31  |  -46
12:10:18.017 | 09 | 0170 | 65 63 74 63 33 30 31  |  -46
12:10:18.320 | 09 | 0171 | 65 63 74 63 33 30 31  |  -46
12:10:18.541 | 09 | 0172 | 65 63 74 63 33 30 31  |  -46
12:10:18.788 | 09 | 0173 | 65 63 74 63 33 30 31  |  -46
12:10:19.043 | 09 | 0174 | 65 63 74 63 33 30 31  |  -46
12:10:19.284 | 09 | 0175 | 65 63 74 63 33 30 31  |  -46
12:10:19.509 | 09 | 0176 | 65 63 74 63 33 30 31  |  -46
12:10:19.752 | 09 | 0177 | 65 63 74 63 33 30 31  |  -46
12:10:20.001 | 09 | 0178 | 65 63 74 63 33 30 31  |  -46
12:10:20.199 | 09 | 0179 | 65 63 74 63 33 30 31  |  -46
12:10:20.429 | 09 | 0180 | 65 63 74 63 33 30 31  |  -46
12:10:20.667 | 09 | 0181 | 65 63 74 63 33 30 31  |  -46
12:10:20.907 | 09 | 0182 | 65 63 74 63 33 30 31  |  -46
12:10:21.146 | 09 | 0183 | 65 63 74 63 33 30 31  |  -46
12:10:21.391 | 09 | 0184 | 65 63 74 63 33 30 31  |  -46
12:10:21.608 | 09 | 0185 | 65 63 74 63 33 30 31  |  -46
12:10:21.832 | 09 | 0186 | 65 63 74 63 33 30 31  |  -46
12:10:22.054 | 09 | 0187 | 65 63 74 63 33 30 31  |  -46
12:10:22.274 | 09 | 0188 | 65 63 74 63 33 30 31  |  -46
12:10:22.491 | 09 | 0189 | 65 63 74 63 33 30 31  |  -46
12:10:22.716 | 09 | 0190 | 65 63 74 63 33 30 31  |  -46
12:10:22.942 | 09 | 0191 | 65 63 74 63 33 30 31  |  -46
12:10:23.152 | 09 | 0192 | 65 63 74 63 33 30 31  |  -46
12:10:23.396 | 09 | 0193 | 65 63 74 63 33 30 31  |  -46
12:10:23.636 | 09 | 0194 | 65 63 74 63 33 30 31  |  -46
12:10:23.902 | 09 | 0195 | 65 63 74 63 33 30 31  |  -46
12:10:24.136 | 09 | 0196 | 65 63 74 63 33 30 31  |  -46
12:10:24.359 | 09 | 0197 | 65 63 74 63 33 30 31  |  -46
12:10:24.589 | 09 | 0198 | 65 63 74 63 33 30 31  |  -46
12:10:24.812 | 09 | 0199 | 65 63 74 63 33 30 31  |  -46
12:10:25.048 | 09 | 0200 | 65 63 74 63 33 30 31  |  -46
12:10:25.293 | 09 | 0201 | 65 63 74 63 33 30 31  |  -47
12:10:25.558 | 09 | 0202 | 65 63 74 63 33 30 31  |  -46
12:10:25.783 | 09 | 0203 | 65 63 74 63 33 30 31  |  -47
12:10:26.018 | 09 | 0204 | 65 63 74 63 33 30 31  |  -47
12:10:26.245 | 09 | 0205 | 65 63 74 63 33 30 31  |  -47
12:10:26.489 | 09 | 0206 | 65 63 74 63 33 30 31  |  -47
12:10:26.740 | 09 | 0207 | 65 63 74 63 33 30 31  |  -46
12:10:26.979 | 09 | 0208 | 65 63 74 63 33 30 31  |  -47
12:10:27.197 | 09 | 0209 | 65 63 74 63 33 30 31  |  -47
12:10:27.440 | 09 | 0210 | 65 63 74 63 33 30 31  |  -47
12:10:27.681 | 09 | 0211 | 65 63 74 63 33 30 31  |  -47
12:10:27.937 | 09 | 0212 | 65 63 74 63 33 30 31  |  -47
12:10:28.183 | 09 | 0213 | 65 63 74 63 33 30 31  |  -47
12:10:28.415 | 09 | 0214 | 65 63 74 63 33 30 31  |  -47
12:10:28.675 | 09 | 0215 | 65 63 74 63 33 30 31  |  -47
12:10:28.923 | 09 | 0216 | 65 63 74 63 33 30 31  |  -47
12:10:29.161 | 09 | 0217 | 65 63 74 63 33 30 31  |  -47
12:10:29.407 | 09 | 0218 | 65 63 74 63 33 30 31  |  -47
12:10:29.655 | 09 | 0219 | 65 63 74 63 33 30 31  |  -47
12:10:29.912 | 09 | 0220 | 65 63 74 63 33 30 31  |  -48
12:10:30.151 | 09 | 0221 | 65 63 74 63 33 30 31  |  -47
12:10:30.380 | 09 | 0222 | 65 63 74 63 33 30 31  |  -46
12:10:30.617 | 09 | 0223 | 65 63 74 63 33 30 31  |  -46
12:10:30.856 | 09 | 0224 | 65 63 74 63 33 30 31  |  -46
12:10:31.077 | 09 | 0225 | 65 63 74 63 33 30 31  |  -46
12:10:31.307 | 09 | 0226 | 65 63 74 63 33 30 31  |  -46
12:10:31.541 | 09 | 0227 | 65 63 74 63 33 30 31  |  -46
12:10:31.777 | 09 | 0228 | 65 63 74 63 33 30 31  |  -46
12:10:32.006 | 09 | 0229 | 65 63 74 63 33 30 31  |  -46
12:10:32.224 | 09 | 0230 | 65 63 74 63 33 30 31  |  -46
12:10:32.436 | 09 | 0231 | 65 63 74 63 33 30 31  |  -46
12:10:32.638 | 09 | 0232 | 65 63 74 63 33 30 31  |  -46
12:10:32.866 | 09 | 0233 | 65 63 74 63 33 30 31  |  -46
12:10:33.164 | 09 | 0234 | 65 63 74 63 33 30 31  |  -46
12:10:33.375 | 09 | 0235 | 65 63 74 63 33 30 31  |  -46
12:10:33.635 | 09 | 0236 | 65 63 74 63 33 30 31  |  -46
12:10:33.901 | 09 | 0237 | 65 63 74 63 33 30 31  |  -46
12:10:34.169 | 09 | 0238 | 65 63 74 63 33 30 31  |  -46
12:10:34.415 | 09 | 0239 | 65 63 74 63 33 30 31  |  -46
12:10:34.625 | 09 | 0240 | 65 63 74 63 33 30 31  |  -46
12:10:34.846 | 09 | 0241 | 65 63 74 63 33 30 31  |  -46
12:10:35.057 | 09 | 0242 | 65 63 74 63 33 30 31  |  -46
12:10:35.252 | 09 | 0243 | 65 63 74 63 33 30 31  |  -46
12:10:35.473 | 09 | 0244 | 65 63 74 63 33 30 31  |  -47
12:10:35.691 | 09 | 0245 | 65 63 74 63 33 30 31  |  -48
12:10:35.882 | 09 | 0246 | 65 63 74 63 33 30 31  |  -48
12:10:36.118 | 09 | 0247 | 65 63 74 63 33 30 31  |  -48
12:10:36.363 | 09 | 0248 | 65 63 74 63 33 30 31  |  -48
12:10:36.609 | 09 | 0249 | 65 63 74 63 33 30 31  |  -48
12:10:36.839 | 09 | 0250 | 65 63 74 63 33 30 31  |  -48
12:10:37.085 | 09 | 0251 | 65 63 74 63 33 30 31  |  -47
12:10:37.330 | 09 | 0252 | 65 63 74 63 33 30 31  |  -47
12:10:37.547 | 09 | 0253 | 65 63 74 63 33 30 31  |  -47
12:10:37.783 | 09 | 0254 | 65 63 74 63 33 30 31  |  -47
12:10:38.057 | 09 | 0255 | 65 63 74 63 33 30 31  |  -48
12:10:38.307 | 09 | 0256 | 65 63 74 63 33 30 31  |  -48
12:10:38.556 | 09 | 0257 | 65 63 74 63 33 30 31  |  -48
12:10:38.831 | 09 | 0258 | 65 63 74 63 33 30 31  |  -48
12:10:39.087 | 09 | 0259 | 65 63 74 63 33 30 31  |  -48
12:10:39.296 | 09 | 0260 | 65 63 74 63 33 30 31  |  -48
12:10:39.535 | 09 | 0261 | 65 63 74 63 33 30 31  |  -47
12:10:39.781 | 09 | 0262 | 65 63 74 63 33 30 31  |  -48
12:10:40.015 | 09 | 0263 | 65 63 74 63 33 30 31  |  -47
12:10:40.233 | 09 | 0264 | 65 63 74 63 33 30 31  |  -48
12:10:40.461 | 09 | 0265 | 65 63 74 63 33 30 31  |  -47
12:10:40.708 | 09 | 0266 | 65 63 74 63 33 30 31  |  -47
12:10:40.930 | 09 | 0267 | 65 63 74 63 33 30 31  |  -48
12:10:41.162 | 09 | 0268 | 65 63 74 63 33 30 31  |  -47
12:10:41.393 | 09 | 0269 | 65 63 74 63 33 30 31  |  -47
12:10:41.605 | 09 | 0270 | 65 63 74 63 33 30 31  |  -47
12:10:41.819 | 09 | 0271 | 65 63 74 63 33 30 31  |  -47
12:10:42.054 | 09 | 0272 | 65 63 74 63 33 30 31  |  -47
12:10:42.304 | 09 | 0273 | 65 63 74 63 33 30 31  |  -48
12:10:42.557 | 09 | 0274 | 65 63 74 63 33 30 31  |  -47
12:10:42.806 | 09 | 0275 | 65 63 74 63 33 30 31  |  -48
12:10:43.036 | 09 | 0276 | 65 63 74 63 33 30 31  |  -47
12:10:43.275 | 09 | 0277 | 65 63 74 63 33 30 31  |  -47
12:10:43.515 | 09 | 0278 | 65 63 74 63 33 30 31  |  -47
12:10:43.770 | 09 | 0279 | 65 63 74 63 33 30 31  |  -47
12:10:44.011 | 09 | 0280 | 65 63 74 63 33 30 31  |  -47
12:10:44.240 | 09 | 0281 | 65 63 74 63 33 30 31  |  -47
12:10:44.466 | 09 | 0282 | 65 63 74 63 33 30 31  |  -47
12:10:44.692 | 09 | 0283 | 65 63 74 63 33 30 31  |  -47
12:10:44.906 | 09 | 0284 | 65 63 74 63 33 30 31  |  -48
12:10:45.130 | 09 | 0285 | 65 63 74 63 33 30 31  |  -48
12:10:45.347 | 09 | 0286 | 65 63 74 63 33 30 31  |  -48
12:10:45.564 | 09 | 0287 | 65 63 74 63 33 30 31  |  -48
12:10:45.786 | 09 | 0288 | 65 63 74 63 33 30 31  |  -48
12:10:45.993 | 09 | 0289 | 65 63 74 63 33 30 31  |  -48
12:10:46.197 | 09 | 0290 | 65 63 74 63 33 30 31  |  -48
12:10:46.437 | 09 | 0291 | 65 63 74 63 33 30 31  |  -48
12:10:46.644 | 09 | 0292 | 65 63 74 63 33 30 31  |  -47
12:10:46.857 | 09 | 0293 | 65 63 74 63 33 30 31  |  -47
12:10:47.074 | 09 | 0294 | 65 63 74 63 33 30 31  |  -47
12:10:47.304 | 09 | 0295 | 65 63 74 63 33 30 31  |  -47
12:10:47.552 | 09 | 0296 | 65 63 74 63 33 30 31  |  -47
12:10:47.783 | 09 | 0297 | 65 63 74 63 33 30 31  |  -47
12:10:48.032 | 09 | 0298 | 65 63 74 63 33 30 31  |  -48
12:10:48.285 | 09 | 0299 | 65 63 74 63 33 30 31  |  -47
12:10:48.519 | 09 | 0300 | 65 63 74 63 33 30 31  |  -47
12:10:48.756 | 09 | 0301 | 65 63 74 63 33 30 31  |  -47
12:10:48.990 | 09 | 0302 | 65 63 74 63 33 30 31  |  -47
12:10:49.235 | 09 | 0303 | 65 63 74 63 33 30 31  |  -47
12:10:49.465 | 09 | 0304 | 65 63 74 63 33 30 31  |  -47
12:10:49.692 | 09 | 0305 | 65 63 74 63 33 30 31  |  -48
12:10:49.918 | 09 | 0306 | 65 63 74 63 33 30 31  |  -47
12:10:50.143 | 09 | 0307 | 65 63 74 63 33 30 31  |  -47
12:10:50.372 | 09 | 0308 | 65 63 74 63 33 30 31  |  -47
12:10:50.602 | 09 | 0309 | 65 63 74 63 33 30 31  |  -47
12:10:50.808 | 09 | 0310 | 65 63 74 63 33 30 31  |  -47
12:10:51.029 | 09 | 0311 | 65 63 74 63 33 30 31  |  -47
12:10:51.262 | 09 | 0312 | 65 63 74 63 33 30 31  |  -47
12:10:51.505 | 09 | 0313 | 65 63 74 63 33 30 31  |  -47
12:10:51.717 | 09 | 0314 | 65 63 74 63 33 30 31  |  -47
12:10:51.961 | 09 | 0315 | 65 63 74 63 33 30 31  |  -47
12:10:52.190 | 09 | 0316 | 65 63 74 63 33 30 31  |  -47
12:10:52.415 | 09 | 0317 | 65 63 74 63 33 30 31  |  -47
12:10:52.667 | 09 | 0318 | 65 63 74 63 33 30 31  |  -47
12:10:52.892 | 09 | 0319 | 65 63 74 63 33 30 31  |  -47
12:10:53.137 | 09 | 0320 | 65 63 74 63 33 30 31  |  -47
12:10:53.376 | 09 | 0321 | 65 63 74 63 33 30 31  |  -47
12:10:53.623 | 09 | 0322 | 65 63 74 63 33 30 31  |  -47
12:10:53.853 | 09 | 0323 | 65 63 74 63 33 30 31  |  -47
12:10:54.077 | 09 | 0324 | 65 63 74 63 33 30 31  |  -47
12:10:54.309 | 09 | 0325 | 65 63 74 63 33 30 31  |  -47
12:10:54.515 | 09 | 0326 | 65 63 74 63 33 30 31  |  -47
12:10:54.731 | 09 | 0327 | 65 63 74 63 33 30 31  |  -48
12:10:54.959 | 09 | 0328 | 65 63 74 63 33 30 31  |  -47
12:10:55.182 | 09 | 0329 | 65 63 74 63 33 30 31  |  -47
12:10:55.416 | 09 | 0330 | 65 63 74 63 33 30 31  |  -47
12:10:55.643 | 09 | 0331 | 65 63 74 63 33 30 31  |  -47
12:10:55.883 | 09 | 0332 | 65 63 74 63 33 30 31  |  -47
12:10:56.116 | 09 | 0333 | 65 63 74 63 33 30 31  |  -47
12:10:56.347 | 09 | 0334 | 65 63 74 63 33 30 31  |  -47
12:10:56.594 | 09 | 0335 | 65 63 74 63 33 30 31  |  -47
12:10:56.829 | 09 | 0336 | 65 63 74 63 33 30 31  |  -47
12:10:57.063 | 09 | 0337 | 65 63 74 63 33 30 31  |  -47
12:10:57.296 | 09 | 0338 | 65 63 74 63 33 30 31  |  -48
12:10:57.525 | 09 | 0339 | 65 63 74 63 33 30 31  |  -47
12:10:57.757 | 09 | 0340 | 65 63 74 63 33 30 31  |  -47
12:10:58.004 | 09 | 0341 | 65 63 74 63 33 30 31  |  -47
12:10:58.278 | 09 | 0342 | 65 63 74 63 33 30 31  |  -47
12:10:58.456 | 09 | 0343 | 65 63 74 63 33 30 31  |  -47
12:10:58.672 | 09 | 0344 | 65 63 74 63 33 30 31  |  -47
12:10:58.908 | 09 | 0345 | 65 63 74 63 33 30 31  |  -47
12:10:59.149 | 09 | 0346 | 65 63 74 63 33 30 31  |  -47
12:10:59.389 | 09 | 0347 | 65 63 74 63 33 30 31  |  -47
12:10:59.623 | 09 | 0348 | 65 63 74 63 33 30 31  |  -47
12:10:59.830 | 09 | 0349 | 65 63 74 63 33 30 31  |  -47
12:11:00.068 | 09 | 0350 | 65 63 74 63 33 30 31  |  -47
12:11:00.308 | 09 | 0351 | 65 63 74 63 33 30 31  |  -47
12:11:00.550 | 09 | 0352 | 65 63 74 63 33 30 31  |  -48
12:11:00.822 | 09 | 0353 | 65 63 74 63 33 30 31  |  -47
12:11:01.075 | 09 | 0354 | 65 63 74 63 33 30 31  |  -47
12:11:01.331 | 09 | 0355 | 65 63 74 63 33 30 31  |  -47
12:11:01.592 | 09 | 0356 | 65 63 74 63 33 30 31  |  -47
12:11:01.844 | 09 | 0357 | 65 63 74 63 33 30 31  |  -47
12:11:02.088 | 09 | 0358 | 65 63 74 63 33 30 31  |  -47
12:11:02.352 | 09 | 0359 | 65 63 74 63 33 30 31  |  -47
12:11:02.598 | 09 | 0360 | 65 63 74 63 33 30 31  |  -46
12:11:02.806 | 09 | 0361 | 65 63 74 63 33 30 31  |  -46
12:11:02.988 | 09 | 0362 | 65 63 74 63 33 30 31  |  -46
12:11:03.198 | 09 | 0363 | 65 63 74 63 33 30 31  |  -47
12:11:03.442 | 09 | 0364 | 65 63 74 63 33 30 31  |  -48
12:11:03.698 | 09 | 0365 | 65 63 74 63 33 30 31  |  -47
12:11:03.962 | 09 | 0366 | 65 63 74 63 33 30 31  |  -47
12:11:04.220 | 09 | 0367 | 65 63 74 63 33 30 31  |  -47
12:11:04.481 | 09 | 0368 | 65 63 74 63 33 30 31  |  -48
12:11:04.726 | 09 | 0369 | 65 63 74 63 33 30 31  |  -48
12:11:04.956 | 09 | 0370 | 65 63 74 63 33 30 31  |  -48
12:11:05.199 | 09 | 0371 | 65 63 74 63 33 30 31  |  -48
12:11:05.438 | 09 | 0372 | 65 63 74 63 33 30 31  |  -48
12:11:05.651 | 09 | 0373 | 65 63 74 63 33 30 31  |  -48
12:11:05.882 | 09 | 0374 | 65 63 74 63 33 30 31  |  -47
12:11:06.108 | 09 | 0375 | 65 63 74 63 33 30 31  |  -48
12:11:06.335 | 09 | 0376 | 65 63 74 63 33 30 31  |  -48
12:11:06.557 | 09 | 0377 | 65 63 74 63 33 30 31  |  -48
12:11:06.776 | 09 | 0378 | 65 63 74 63 33 30 31  |  -48
12:11:07.019 | 09 | 0379 | 65 63 74 63 33 30 31  |  -48
12:11:07.261 | 09 | 0380 | 65 63 74 63 33 30 31  |  -48
12:11:07.497 | 09 | 0381 | 65 63 74 63 33 30 31  |  -48
12:11:07.740 | 09 | 0382 | 65 63 74 63 33 30 31  |  -48
12:11:07.972 | 09 | 0383 | 65 63 74 63 33 30 31  |  -48
12:11:08.229 | 09 | 0384 | 65 63 74 63 33 30 31  |  -48
12:11:08.471 | 09 | 0385 | 65 63 74 63 33 30 31  |  -47
12:11:08.702 | 09 | 0386 | 65 63 74 63 33 30 31  |  -48
12:11:08.924 | 09 | 0387 | 65 63 74 63 33 30 31  |  -48
12:11:09.139 | 09 | 0388 | 65 63 74 63 33 30 31  |  -48
12:11:09.388 | 09 | 0389 | 65 63 74 63 33 30 31  |  -48
12:11:09.643 | 09 | 0390 | 65 63 74 63 33 30 31  |  -48
12:11:09.862 | 09 | 0391 | 65 63 74 63 33 30 31  |  -48
12:11:10.100 | 09 | 0392 | 65 63 74 63 33 30 31  |  -48
12:11:10.320 | 09 | 0393 | 65 63 74 63 33 30 31  |  -47
12:11:10.539 | 09 | 0394 | 65 63 74 63 33 30 31  |  -48
12:11:10.757 | 09 | 0395 | 65 63 74 63 33 30 31  |  -48
12:11:10.977 | 09 | 0396 | 65 63 74 63 33 30 31  |  -48
12:11:11.195 | 09 | 0397 | 65 63 74 63 33 30 31  |  -48
12:11:11.427 | 09 | 0398 | 65 63 74 63 33 30 31  |  -48
12:11:11.668 | 09 | 0399 | 65 63 74 63 33 30 31  |  -48
12:11:11.907 | 09 | 0400 | 65 63 74 63 33 30 31  |  -48
12:11:12.172 | 09 | 0401 | 65 63 74 63 33 30 31  |  -47
12:11:12.411 | 09 | 0402 | 65 63 74 63 33 30 31  |  -47
12:11:12.670 | 09 | 0403 | 65 63 74 63 33 30 31  |  -47
12:11:12.937 | 09 | 0404 | 65 63 74 63 33 30 31  |  -47
12:11:13.182 | 09 | 0405 | 65 63 74 63 33 30 31  |  -47
12:11:13.414 | 09 | 0406 | 65 63 74 63 33 30 31  |  -46
12:11:13.658 | 09 | 0407 | 65 63 74 63 33 30 31  |  -46
12:11:13.913 | 09 | 0408 | 65 63 74 63 33 30 31  |  -46
12:11:14.138 | 09 | 0409 | 65 63 74 63 33 30 31  |  -46
12:11:14.381 | 09 | 0410 | 65 63 74 63 33 30 31  |  -46
12:11:14.617 | 09 | 0411 | 65 63 74 63 33 30 31  |  -46
12:11:14.868 | 09 | 0412 | 65 63 74 63 33 30 31  |  -46
12:11:15.102 | 09 | 0413 | 65 63 74 63 33 30 31  |  -46
12:11:15.300 | 09 | 0414 | 65 63 74 63 33 30 31  |  -46
12:11:15.547 | 09 | 0415 | 65 63 74 63 33 30 31  |  -46
12:11:15.769 | 09 | 0416 | 65 63 74 63 33 30 31  |  -46
12:11:16.015 | 09 | 0417 | 65 63 74 63 33 30 31  |  -46
12:11:16.253 | 09 | 0418 | 65 63 74 63 33 30 31  |  -46
12:11:16.507 | 09 | 0419 | 65 63 74 63 33 30 31  |  -46
12:11:16.765 | 09 | 0420 | 65 63 74 63 33 30 31  |  -46
12:11:17.013 | 09 | 0421 | 65 63 74 63 33 30 31  |  -46
12:11:17.236 | 09 | 0422 | 65 63 74 63 33 30 31  |  -46
12:11:17.456 | 09 | 0423 | 65 63 74 63 33 30 31  |  -46
12:11:17.678 | 09 | 0424 | 65 63 74 63 33 30 31  |  -46
12:11:17.886 | 09 | 0425 | 65 63 74 63 33 30 31  |  -46
12:11:18.112 | 09 | 0426 | 65 63 74 63 33 30 31  |  -46
12:11:18.339 | 09 | 0427 | 65 63 74 63 33 30 31  |  -46
12:11:18.587 | 09 | 0428 | 65 63 74 63 33 30 31  |  -46
12:11:18.826 | 09 | 0429 | 65 63 74 63 33 30 31  |  -46
12:11:19.046 | 09 | 0430 | 65 63 74 63 33 30 31  |  -45
12:11:19.276 | 09 | 0431 | 65 63 74 63 33 30 31  |  -45
12:11:19.486 | 09 | 0432 | 65 63 74 63 33 30 31  |  -45
12:11:19.704 | 09 | 0433 | 65 63 74 63 33 30 31  |  -45
12:11:19.928 | 09 | 0434 | 65 63 74 63 33 30 31  |  -46
12:11:20.143 | 09 | 0435 | 65 63 74 63 33 30 31  |  -46
12:11:20.374 | 09 | 0436 | 65 63 74 63 33 30 31  |  -45
12:11:20.596 | 09 | 0437 | 65 63 74 63 33 30 31  |  -46
12:11:20.828 | 09 | 0438 | 65 63 74 63 33 30 31  |  -45
12:11:21.070 | 09 | 0439 | 65 63 74 63 33 30 31  |  -46
12:11:21.292 | 09 | 0440 | 65 63 74 63 33 30 31  |  -46
12:11:21.523 | 09 | 0441 | 65 63 74 63 33 30 31  |  -45
12:11:21.724 | 09 | 0442 | 65 63 74 63 33 30 31  |  -46
12:11:21.943 | 09 | 0443 | 65 63 74 63 33 30 31  |  -46
12:11:22.156 | 09 | 0444 | 65 63 74 63 33 30 31  |  -46
12:11:22.374 | 09 | 0445 | 65 63 74 63 33 30 31  |  -46
12:11:22.601 | 09 | 0446 | 65 63 74 63 33 30 31  |  -46
12:11:22.840 | 09 | 0447 | 65 63 74 63 33 30 31  |  -46
12:11:23.064 | 09 | 0448 | 65 63 74 63 33 30 31  |  -46
12:11:23.297 | 09 | 0449 | 65 63 74 63 33 30 31  |  -46
12:11:23.537 | 09 | 0450 | 65 63 74 63 33 30 31  |  -46
12:11:23.751 | 09 | 0451 | 65 63 74 63 33 30 31  |  -46
12:11:23.985 | 09 | 0452 | 65 63 74 63 33 30 31  |  -46
12:11:24.228 | 09 | 0453 | 65 63 74 63 33 30 31  |  -46
12:11:24.482 | 09 | 0454 | 65 63 74 63 33 30 31  |  -46
12:11:24.734 | 09 | 0455 | 65 63 74 63 33 30 31  |  -45
12:11:24.967 | 09 | 0456 | 65 63 74 63 33 30 31  |  -45
12:11:25.172 | 09 | 0457 | 65 63 74 63 33 30 31  |  -46
12:11:25.394 | 09 | 0458 | 65 63 74 63 33 30 31  |  -46
12:11:25.605 | 09 | 0459 | 65 63 74 63 33 30 31  |  -46
12:11:25.828 | 09 | 0460 | 65 63 74 63 33 30 31  |  -46
12:11:26.047 | 09 | 0461 | 65 63 74 63 33 30 31  |  -46
12:11:26.253 | 09 | 0462 | 65 63 74 63 33 30 31  |  -45
12:11:26.506 | 09 | 0463 | 65 63 74 63 33 30 31  |  -46
12:11:26.736 | 09 | 0464 | 65 63 74 63 33 30 31  |  -46
12:11:26.976 | 09 | 0465 | 65 63 74 63 33 30 31  |  -46
12:11:27.224 | 09 | 0466 | 65 63 74 63 33 30 31  |  -46
12:11:27.454 | 09 | 0467 | 65 63 74 63 33 30 31  |  -46
12:11:27.678 | 09 | 0468 | 65 63 74 63 33 30 31  |  -46
12:11:27.908 | 09 | 0469 | 65 63 74 63 33 30 31  |  -46
12:11:28.126 | 09 | 0470 | 65 63 74 63 33 30 31  |  -46
12:11:28.364 | 09 | 0471 | 65 63 74 63 33 30 31  |  -46
12:11:28.584 | 09 | 0472 | 65 63 74 63 33 30 31  |  -46
12:11:28.829 | 09 | 0473 | 65 63 74 63 33 30 31  |  -46
12:11:29.064 | 09 | 0474 | 65 63 74 63 33 30 31  |  -46
12:11:29.282 | 09 | 0475 | 65 63 74 63 33 30 31  |  -46
12:11:29.494 | 09 | 0476 | 65 63 74 63 33 30 31  |  -46
12:11:29.716 | 09 | 0477 | 65 63 74 63 33 30 31  |  -46
12:11:29.931 | 09 | 0478 | 65 63 74 63 33 30 31  |  -45
12:11:30.179 | 09 | 0479 | 65 63 74 63 33 30 31  |  -46
12:11:30.425 | 09 | 0480 | 65 63 74 63 33 30 31  |  -45
12:11:30.661 | 09 | 0481 | 65 63 74 63 33 30 31  |  -46
12:11:30.893 | 09 | 0482 | 65 63 74 63 33 30 31  |  -45
12:11:31.140 | 09 | 0483 | 65 63 74 63 33 30 31  |  -45
12:11:31.387 | 09 | 0484 | 65 63 74 63 33 30 31  |  -45
12:11:31.630 | 09 | 0485 | 65 63 74 63 33 30 31  |  -45
12:11:31.866 | 09 | 0486 | 65 63 74 63 33 30 31  |  -46
12:11:32.119 | 09 | 0487 | 65 63 74 63 33 30 31  |  -45
12:11:32.382 | 09 | 0488 | 65 63 74 63 33 30 31  |  -46
12:11:32.620 | 09 | 0489 | 65 63 74 63 33 30 31  |  -45
12:11:32.865 | 09 | 0490 | 65 63 74 63 33 30 31  |  -46
12:11:33.098 | 09 | 0491 | 65 63 74 63 33 30 31  |  -45
12:11:33.357 | 09 | 0492 | 65 63 74 63 33 30 31  |  -46
12:11:33.580 | 09 | 0493 | 65 63 74 63 33 30 31  |  -46
12:11:33.816 | 09 | 0494 | 65 63 74 63 33 30 31  |  -46
12:11:34.064 | 09 | 0495 | 65 63 74 63 33 30 31  |  -46
12:11:34.308 | 09 | 0496 | 65 63 74 63 33 30 31  |  -46
12:11:34.565 | 09 | 0497 | 65 63 74 63 33 30 31  |  -46
12:11:34.782 | 09 | 0498 | 65 63 74 63 33 30 31  |  -46
12:11:35.027 | 09 | 0499 | 65 63 74 63 33 30 31  |  -46
12:11:35.253 | 09 | 0500 | 65 63 74 63 33 30 31  |  -46
12:11:35.494 | 09 | 0501 | 65 63 74 63 33 30 31  |  -46
12:11:35.750 | 09 | 0502 | 65 63 74 63 33 30 31  |  -46
12:11:35.997 | 09 | 0503 | 65 63 74 63 33 30 31  |  -46
12:11:36.211 | 09 | 0504 | 65 63 74 63 33 30 31  |  -46
12:11:36.437 | 09 | 0505 | 65 63 74 63 33 30 31  |  -46
12:11:36.663 | 09 | 0506 | 65 63 74 63 33 30 31  |  -46
12:11:36.884 | 09 | 0507 | 65 63 74 63 33 30 31  |  -46
12:11:37.106 | 09 | 0508 | 65 63 74 63 33 30 31  |  -46
12:11:37.355 | 09 | 0509 | 65 63 74 63 33 30 31  |  -46
12:11:37.594 | 09 | 0510 | 65 63 74 63 33 30 31  |  -46
12:11:37.790 | 09 | 0511 | 65 63 74 63 33 30 31  |  -45
12:11:38.018 | 09 | 0512 | 65 63 74 63 33 30 31  |  -45
12:11:38.312 | 09 | 0513 | 65 63 74 63 33 30 31  |  -44
12:11:38.488 | 09 | 0514 | 65 63 74 63 33 30 31  |  -45
12:11:38.741 | 09 | 0515 | 65 63 74 63 33 30 31  |  -44
12:11:38.961 | 09 | 0516 | 65 63 74 63 33 30 31  |  -45
12:11:39.181 | 09 | 0517 | 65 63 74 63 33 30 31  |  -45
12:11:39.387 | 09 | 0518 | 65 63 74 63 33 30 31  |  -45
12:11:39.603 | 09 | 0519 | 65 63 74 63 33 30 31  |  -45
12:11:39.809 | 09 | 0520 | 65 63 74 63 33 30 31  |  -45
12:11:40.002 | 09 | 0521 | 65 63 74 63 33 30 31  |  -45
12:11:40.219 | 09 | 0522 | 65 63 74 63 33 30 31  |  -45
12:11:40.439 | 09 | 0523 | 65 63 74 63 33 30 31  |  -45
12:11:40.684 | 09 | 0524 | 65 63 74 63 33 30 31  |  -45
12:11:40.939 | 09 | 0525 | 65 63 74 63 33 30 31  |  -45
12:11:41.175 | 09 | 0526 | 65 63 74 63 33 30 31  |  -45
12:11:41.413 | 09 | 0527 | 65 63 74 63 33 30 31  |  -45
12:11:41.652 | 09 | 0528 | 65 63 74 63 33 30 31  |  -45
12:11:41.916 | 09 | 0529 | 65 63 74 63 33 30 31  |  -45
12:11:42.164 | 09 | 0530 | 65 63 74 63 33 30 31  |  -45
12:11:42.420 | 09 | 0531 | 65 63 74 63 33 30 31  |  -45
12:11:42.658 | 09 | 0532 | 65 63 74 63 33 30 31  |  -45
12:11:42.894 | 09 | 0533 | 65 63 74 63 33 30 31  |  -45
12:11:43.086 | 09 | 0534 | 65 63 74 63 33 30 31  |  -45
12:11:43.313 | 09 | 0535 | 65 63 74 63 33 30 31  |  -46
12:11:43.555 | 09 | 0536 | 65 63 74 63 33 30 31  |  -45
12:11:43.784 | 09 | 0537 | 65 63 74 63 33 30 31  |  -45
12:11:44.028 | 09 | 0538 | 65 63 74 63 33 30 31  |  -45
12:11:44.263 | 09 | 0539 | 65 63 74 63 33 30 31  |  -45
12:11:44.492 | 09 | 0540 | 65 63 74 63 33 30 31  |  -46
12:11:44.712 | 09 | 0541 | 65 63 74 63 33 30 31  |  -46
12:11:44.943 | 09 | 0542 | 65 63 74 63 33 30 31  |  -46
12:11:45.163 | 09 | 0543 | 65 63 74 63 33 30 31  |  -46
12:11:45.411 | 09 | 0544 | 65 63 74 63 33 30 31  |  -46
12:11:45.625 | 09 | 0545 | 65 63 74 63 33 30 31  |  -46
12:11:45.864 | 09 | 0546 | 65 63 74 63 33 30 31  |  -45
12:11:46.081 | 09 | 0547 | 65 63 74 63 33 30 31  |  -46
12:11:46.337 | 09 | 0548 | 65 63 74 63 33 30 31  |  -46
12:11:46.569 | 09 | 0549 | 65 63 74 63 33 30 31  |  -46
12:11:46.770 | 09 | 0550 | 65 63 74 63 33 30 31  |  -46
12:11:47.010 | 09 | 0551 | 65 63 74 63 33 30 31  |  -46
12:11:47.240 | 09 | 0552 | 65 63 74 63 33 30 31  |  -45
12:11:47.468 | 09 | 0553 | 65 63 74 63 33 30 31  |  -46
12:11:47.702 | 09 | 0554 | 65 63 74 63 33 30 31  |  -46
12:11:47.953 | 09 | 0555 | 65 63 74 63 33 30 31  |  -46
12:11:48.205 | 09 | 0556 | 65 63 74 63 33 30 31  |  -46
12:11:48.453 | 09 | 0557 | 65 63 74 63 33 30 31  |  -46
12:11:48.695 | 09 | 0558 | 65 63 74 63 33 30 31  |  -46
12:11:48.932 | 09 | 0559 | 65 63 74 63 33 30 31  |  -44
12:11:49.164 | 09 | 0560 | 65 63 74 63 33 30 31  |  -44
12:11:49.392 | 09 | 0561 | 65 63 74 63 33 30 31  |  -44
12:11:49.607 | 09 | 0562 | 65 63 74 63 33 30 31  |  -44
12:11:49.848 | 09 | 0563 | 65 63 74 63 33 30 31  |  -44
12:11:50.084 | 09 | 0564 | 65 63 74 63 33 30 31  |  -44
12:11:50.284 | 09 | 0565 | 65 63 74 63 33 30 31  |  -44
12:11:50.505 | 09 | 0566 | 65 63 74 63 33 30 31  |  -44
12:11:50.725 | 09 | 0567 | 65 63 74 63 33 30 31  |  -43
12:11:50.926 | 09 | 0568 | 65 63 74 63 33 30 31  |  -44
12:11:51.149 | 09 | 0569 | 65 63 74 63 33 30 31  |  -44
12:11:51.384 | 09 | 0570 | 65 63 74 63 33 30 31  |  -44
12:11:51.616 | 09 | 0571 | 65 63 74 63 33 30 31  |  -44
12:11:51.825 | 09 | 0572 | 65 63 74 63 33 30 31  |  -44
12:11:52.000 | 09 | 0573 | 65 63 74 63 33 30 31  |  -44
12:11:52.204 | 09 | 0574 | 65 63 74 63 33 30 31  |  -44
12:11:52.434 | 09 | 0575 | 65 63 74 63 33 30 31  |  -44
12:11:52.665 | 09 | 0576 | 65 63 74 63 33 30 31  |  -44
12:11:52.916 | 09 | 0577 | 65 63 74 63 33 30 31  |  -44
12:11:53.149 | 09 | 0578 | 65 63 74 63 33 30 31  |  -43
12:11:53.381 | 09 | 0579 | 65 63 74 63 33 30 31  |  -43
12:11:53.612 | 09 | 0580 | 65 63 74 63 33 30 31  |  -43
12:11:53.836 | 09 | 0581 | 65 63 74 63 33 30 31  |  -43
12:11:54.020 | 09 | 0582 | 65 63 74 63 33 30 31  |  -43
12:11:54.250 | 09 | 0583 | 65 63 74 63 33 30 31  |  -43
12:11:54.454 | 09 | 0584 | 65 63 74 63 33 30 31  |  -43
12:11:54.689 | 09 | 0585 | 65 63 74 63 33 30 31  |  -43
12:11:54.925 | 09 | 0586 | 65 63 74 63 33 30 31  |  -43
12:11:55.158 | 09 | 0587 | 65 63 74 63 33 30 31  |  -44
12:11:55.389 | 09 | 0588 | 65 63 74 63 33 30 31  |  -45
12:11:55.603 | 09 | 0589 | 65 63 74 63 33 30 31  |  -45
12:11:55.831 | 09 | 0590 | 65 63 74 63 33 30 31  |  -45
12:11:56.067 | 09 | 0591 | 65 63 74 63 33 30 31  |  -44
12:11:56.308 | 09 | 0592 | 65 63 74 63 33 30 31  |  -44
12:11:56.542 | 09 | 0593 | 65 63 74 63 33 30 31  |  -45
12:11:56.803 | 09 | 0594 | 65 63 74 63 33 30 31  |  -45
12:11:57.040 | 09 | 0595 | 65 63 74 63 33 30 31  |  -45
12:11:57.271 | 09 | 0596 | 65 63 74 63 33 30 31  |  -45
12:11:57.486 | 09 | 0597 | 65 63 74 63 33 30 31  |  -46
12:11:57.732 | 09 | 0598 | 65 63 74 63 33 30 31  |  -46
12:11:57.952 | 09 | 0599 | 65 63 74 63 33 30 31  |  -46
12:11:58.192 | 09 | 0600 | 65 63 74 63 33 30 31  |  -45
12:11:58.423 | 09 | 0601 | 65 63 74 63 33 30 31  |  -45
12:11:58.648 | 09 | 0602 | 65 63 74 63 33 30 31  |  -45
12:11:58.886 | 09 | 0603 | 65 63 74 63 33 30 31  |  -45
12:11:59.133 | 09 | 0604 | 65 63 74 63 33 30 31  |  -48
12:11:59.343 | 09 | 0605 | 65 63 74 63 33 30 31  |  -48
12:11:59.573 | 09 | 0606 | 65 63 74 63 33 30 31  |  -50
12:11:59.809 | 09 | 0607 | 65 63 74 63 33 30 31  |  -50
12:12:00.057 | 09 | 0608 | 65 63 74 63 33 30 31  |  -50
12:12:00.271 | 09 | 0609 | 65 63 74 63 33 30 31  |  -50
12:12:00.479 | 09 | 0610 | 65 63 74 63 33 30 31  |  -50
12:12:00.714 | 09 | 0611 | 65 63 74 63 33 30 31  |  -50
12:12:00.964 | 09 | 0612 | 65 63 74 63 33 30 31  |  -51
12:12:01.217 | 09 | 0613 | 65 63 74 63 33 30 31  |  -50
12:12:01.482 | 09 | 0614 | 65 63 74 63 33 30 31  |  -50
12:12:01.726 | 09 | 0615 | 65 63 74 63 33 30 31  |  -49
12:12:01.965 | 09 | 0616 | 65 63 74 63 33 30 31  |  -49
12:12:02.206 | 09 | 0617 | 65 63 74 63 33 30 31  |  -49
12:12:02.435 | 09 | 0618 | 65 63 74 63 33 30 31  |  -50
12:12:02.666 | 09 | 0619 | 65 63 74 63 33 30 31  |  -49
12:12:02.883 | 09 | 0620 | 65 63 74 63 33 30 31  |  -49
12:12:03.113 | 09 | 0621 | 65 63 74 63 33 30 31  |  -49
12:12:03.375 | 09 | 0622 | 65 63 74 63 33 30 31  |  -48
12:12:03.630 | 09 | 0623 | 65 63 74 63 33 30 31  |  -49
12:12:03.860 | 09 | 0624 | 65 63 74 63 33 30 31  |  -49
12:12:04.097 | 09 | 0625 | 65 63 74 63 33 30 31  |  -49
12:12:04.338 | 09 | 0626 | 65 63 74 63 33 30 31  |  -49
12:12:04.582 | 09 | 0627 | 65 63 74 63 33 30 31  |  -49
12:12:04.817 | 09 | 0628 | 65 63 74 63 33 30 31  |  -49
12:12:05.030 | 09 | 0629 | 65 63 74 63 33 30 31  |  -49
12:12:05.266 | 09 | 0630 | 65 63 74 63 33 30 31  |  -49
12:12:05.501 | 09 | 0631 | 65 63 74 63 33 30 31  |  -49
12:12:05.747 | 09 | 0632 | 65 63 74 63 33 30 31  |  -49
12:12:05.973 | 09 | 0633 | 65 63 74 63 33 30 31  |  -49
12:12:06.221 | 09 | 0634 | 65 63 74 63 33 30 31  |  -49
12:12:06.461 | 09 | 0635 | 65 63 74 63 33 30 31  |  -49
12:12:06.683 | 09 | 0636 | 65 63 74 63 33 30 31  |  -49
12:12:06.919 | 09 | 0637 | 65 63 74 63 33 30 31  |  -49
12:12:07.164 | 09 | 0638 | 65 63 74 63 33 30 31  |  -49
12:12:07.424 | 09 | 0639 | 65 63 74 63 33 30 31  |  -49
12:12:07.653 | 09 | 0640 | 65 63 74 63 33 30 31  |  -49
12:12:07.898 | 09 | 0641 | 65 63 74 63 33 30 31  |  -49
12:12:08.148 | 09 | 0642 | 65 63 74 63 33 30 31  |  -49
12:12:08.416 | 09 | 0643 | 65 63 74 63 33 30 31  |  -49
12:12:08.661 | 09 | 0644 | 65 63 74 63 33 30 31  |  -49
12:12:08.903 | 09 | 0645 | 65 63 74 63 33 30 31  |  -50
12:12:09.150 | 09 | 0646 | 65 63 74 63 33 30 31  |  -50
12:12:09.381 | 09 | 0647 | 65 63 74 63 33 30 31  |  -50
12:12:09.604 | 09 | 0648 | 65 63 74 63 33 30 31  |  -49
12:12:09.823 | 09 | 0649 | 65 63 74 63 33 30 31  |  -49
12:12:10.041 | 09 | 0650 | 65 63 74 63 33 30 31  |  -49
12:12:10.275 | 09 | 0651 | 65 63 74 63 33 30 31  |  -50
12:12:10.504 | 09 | 0652 | 65 63 74 63 33 30 31  |  -49
12:12:10.721 | 09 | 0653 | 65 63 74 63 33 30 31  |  -49
12:12:10.978 | 09 | 0654 | 65 63 74 63 33 30 31  |  -49
12:12:11.211 | 09 | 0655 | 65 63 74 63 33 30 31  |  -50
12:12:11.448 | 09 | 0656 | 65 63 74 63 33 30 31  |  -49
12:12:11.663 | 09 | 0657 | 65 63 74 63 33 30 31  |  -50
12:12:11.871 | 09 | 0658 | 65 63 74 63 33 30 31  |  -49
12:12:12.105 | 09 | 0659 | 65 63 74 63 33 30 31  |  -49
12:12:12.329 | 09 | 0660 | 65 63 74 63 33 30 31  |  -49
12:12:12.564 | 09 | 0661 | 65 63 74 63 33 30 31  |  -49
12:12:12.826 | 09 | 0662 | 65 63 74 63 33 30 31  |  -49
12:12:13.033 | 09 | 0663 | 65 63 74 63 33 30 31  |  -49
12:12:13.279 | 09 | 0664 | 65 63 74 63 33 30 31  |  -48
12:12:13.503 | 09 | 0665 | 65 63 74 63 33 30 31  |  -49
12:12:13.704 | 09 | 0666 | 65 63 74 63 33 30 31  |  -48
12:12:13.918 | 09 | 0667 | 65 63 74 63 33 30 31  |  -49
12:12:14.144 | 09 | 0668 | 65 63 74 63 33 30 31  |  -49
12:12:14.372 | 09 | 0669 | 65 63 74 63 33 30 31  |  -49
12:12:14.581 | 09 | 0670 | 65 63 74 63 33 30 31  |  -49
12:12:14.794 | 09 | 0671 | 65 63 74 63 33 30 31  |  -49
12:12:15.018 | 09 | 0672 | 65 63 74 63 33 30 31  |  -49
12:12:15.228 | 09 | 0673 | 65 63 74 63 33 30 31  |  -48
12:12:15.416 | 09 | 0674 | 65 63 74 63 33 30 31  |  -49
12:12:15.637 | 09 | 0675 | 65 63 74 63 33 30 31  |  -49
12:12:15.846 | 09 | 0676 | 65 63 74 63 33 30 31  |  -49
12:12:16.077 | 09 | 0677 | 65 63 74 63 33 30 31  |  -49
12:12:16.311 | 09 | 0678 | 65 63 74 63 33 30 31  |  -49
12:12:16.559 | 09 | 0679 | 65 63 74 63 33 30 31  |  -49
12:12:16.788 | 09 | 0680 | 65 63 74 63 33 30 31  |  -49
12:12:17.017 | 09 | 0681 | 65 63 74 63 33 30 31  |  -49
12:12:17.251 | 09 | 0682 | 65 63 74 63 33 30 31  |  -49
12:12:17.467 | 09 | 0683 | 65 63 74 63 33 30 31  |  -49
12:12:17.724 | 09 | 0684 | 65 63 74 63 33 30 31  |  -49
12:12:17.894 | 09 | 0685 | 65 63 74 63 33 30 31  |  -49
12:12:18.116 | 09 | 0686 | 65 63 74 63 33 30 31  |  -49
12:12:18.350 | 09 | 0687 | 65 63 74 63 33 30 31  |  -49
12:12:18.621 | 09 | 0688 | 65 63 74 63 33 30 31  |  -50
12:12:18.811 | 09 | 0689 | 65 63 74 63 33 30 31  |  -49
12:12:19.050 | 09 | 0690 | 65 63 74 63 33 30 31  |  -49
12:12:19.279 | 09 | 0691 | 65 63 74 63 33 30 31  |  -49
12:12:19.530 | 09 | 0692 | 65 63 74 63 33 30 31  |  -49
12:12:19.748 | 09 | 0693 | 65 63 74 63 33 30 31  |  -49
12:12:19.989 | 09 | 0694 | 65 63 74 63 33 30 31  |  -49
12:12:20.186 | 09 | 0695 | 65 63 74 63 33 30 31  |  -49
12:12:20.406 | 09 | 0696 | 65 63 74 63 33 30 31  |  -49
12:12:20.618 | 09 | 0697 | 65 63 74 63 33 30 31  |  -49
12:12:20.859 | 09 | 0698 | 65 63 74 63 33 30 31  |  -49
12:12:21.106 | 09 | 0699 | 65 63 74 63 33 30 31  |  -49
12:12:21.350 | 09 | 0700 | 65 63 74 63 33 30 31  |  -50
12:12:21.580 | 09 | 0701 | 65 63 74 63 33 30 31  |  -50
12:12:21.800 | 09 | 0702 | 65 63 74 63 33 30 31  |  -49
12:12:22.028 | 09 | 0703 | 65 63 74 63 33 30 31  |  -49
12:12:22.244 | 09 | 0704 | 65 63 74 63 33 30 31  |  -49
12:12:22.483 | 09 | 0705 | 65 63 74 63 33 30 31  |  -50
12:12:22.688 | 09 | 0706 | 65 63 74 63 33 30 31  |  -49
12:12:22.901 | 09 | 0707 | 65 63 74 63 33 30 31  |  -49
12:12:23.127 | 09 | 0708 | 65 63 74 63 33 30 31  |  -49
12:12:23.346 | 09 | 0709 | 65 63 74 63 33 30 31  |  -50
12:12:23.596 | 09 | 0710 | 65 63 74 63 33 30 31  |  -50
12:12:23.846 | 09 | 0711 | 65 63 74 63 33 30 31  |  -49
12:12:24.079 | 09 | 0712 | 65 63 74 63 33 30 31  |  -49
12:12:24.327 | 09 | 0713 | 65 63 74 63 33 30 31  |  -49
12:12:24.549 | 09 | 0714 | 65 63 74 63 33 30 31  |  -49
12:12:24.775 | 09 | 0715 | 65 63 74 63 33 30 31  |  -49
12:12:25.016 | 09 | 0716 | 65 63 74 63 33 30 31  |  -49
12:12:25.274 | 09 | 0717 | 65 63 74 63 33 30 31  |  -49
12:12:25.490 | 09 | 0718 | 65 63 74 63 33 30 31  |  -49
12:12:25.687 | 09 | 0719 | 65 63 74 63 33 30 31  |  -49
12:12:25.908 | 09 | 0720 | 65 63 74 63 33 30 31  |  -49
12:12:26.163 | 09 | 0721 | 65 63 74 63 33 30 31  |  -49
12:12:26.394 | 09 | 0722 | 65 63 74 63 33 30 31  |  -50
12:12:26.618 | 09 | 0723 | 65 63 74 63 33 30 31  |  -50
12:12:26.840 | 09 | 0724 | 65 63 74 63 33 30 31  |  -50
12:12:27.059 | 09 | 0725 | 65 63 74 63 33 30 31  |  -50
12:12:27.286 | 09 | 0726 | 65 63 74 63 33 30 31  |  -50
12:12:27.541 | 09 | 0727 | 65 63 74 63 33 30 31  |  -50
12:12:27.775 | 09 | 0728 | 65 63 74 63 33 30 31  |  -49
12:12:27.993 | 09 | 0729 | 65 63 74 63 33 30 31  |  -50
12:12:28.219 | 09 | 0730 | 65 63 74 63 33 30 31  |  -50
12:12:28.458 | 09 | 0731 | 65 63 74 63 33 30 31  |  -50
12:12:28.705 | 09 | 0732 | 65 63 74 63 33 30 31  |  -50
12:12:28.949 | 09 | 0733 | 65 63 74 63 33 30 31  |  -50
12:12:29.209 | 09 | 0734 | 65 63 74 63 33 30 31  |  -49
12:12:29.463 | 09 | 0735 | 65 63 74 63 33 30 31  |  -49
12:12:29.697 | 09 | 0736 | 65 63 74 63 33 30 31  |  -49
12:12:29.944 | 09 | 0737 | 65 63 74 63 33 30 31  |  -49
12:12:30.166 | 09 | 0738 | 65 63 74 63 33 30 31  |  -49
12:12:30.389 | 09 | 0739 | 65 63 74 63 33 30 31  |  -50
12:12:30.635 | 09 | 0740 | 65 63 74 63 33 30 31  |  -49
12:12:30.859 | 09 | 0741 | 65 63 74 63 33 30 31  |  -50
12:12:31.073 | 09 | 0742 | 65 63 74 63 33 30 31  |  -49
12:12:31.314 | 09 | 0743 | 65 63 74 63 33 30 31  |  -50
12:12:31.556 | 09 | 0744 | 65 63 74 63 33 30 31  |  -49
12:12:31.773 | 09 | 0745 | 65 63 74 63 33 30 31  |  -50
12:12:31.990 | 09 | 0746 | 65 63 74 63 33 30 31  |  -49
12:12:32.217 | 09 | 0747 | 65 63 74 63 33 30 31  |  -49
12:12:32.442 | 09 | 0748 | 65 63 74 63 33 30 31  |  -49
12:12:32.665 | 09 | 0749 | 65 63 74 63 33 30 31  |  -49
12:12:32.897 | 09 | 0750 | 65 63 74 63 33 30 31  |  -49
12:12:33.111 | 09 | 0751 | 65 63 74 63 33 30 31  |  -50
12:12:33.327 | 09 | 0752 | 65 63 74 63 33 30 31  |  -49
12:12:33.550 | 09 | 0753 | 65 63 74 63 33 30 31  |  -49
12:12:33.795 | 09 | 0754 | 65 63 74 63 33 30 31  |  -50
12:12:34.036 | 09 | 0755 | 65 63 74 63 33 30 31  |  -50
12:12:34.292 | 09 | 0756 | 65 63 74 63 33 30 31  |  -50
12:12:34.516 | 09 | 0757 | 65 63 74 63 33 30 31  |  -49
12:12:34.736 | 09 | 0758 | 65 63 74 63 33 30 31  |  -50
12:12:34.953 | 09 | 0759 | 65 63 74 63 33 30 31  |  -49
12:12:35.177 | 09 | 0760 | 65 63 74 63 33 30 31  |  -50
12:12:35.390 | 09 | 0761 | 65 63 74 63 33 30 31  |  -50
12:12:35.633 | 09 | 0762 | 65 63 74 63 33 30 31  |  -50
12:12:35.871 | 09 | 0763 | 65 63 74 63 33 30 31  |  -50
12:12:36.104 | 09 | 0764 | 65 63 74 63 33 30 31  |  -48
12:12:36.368 | 09 | 0765 | 65 63 74 63 33 30 31  |  -48
12:12:36.615 | 09 | 0766 | 65 63 74 63 33 30 31  |  -48
12:12:36.886 | 09 | 0767 | 65 63 74 63 33 30 31  |  -48
12:12:37.143 | 09 | 0768 | 65 63 74 63 33 30 31  |  -48
12:12:37.379 | 09 | 0769 | 65 63 74 63 33 30 31  |  -48
12:12:37.618 | 09 | 0770 | 65 63 74 63 33 30 31  |  -48
12:12:37.853 | 09 | 0771 | 65 63 74 63 33 30 31  |  -48
12:12:38.097 | 09 | 0772 | 65 63 74 63 33 30 31  |  -48
12:12:38.307 | 09 | 0773 | 65 63 74 63 33 30 31  |  -49
12:12:38.538 | 09 | 0774 | 65 63 74 63 33 30 31  |  -48
12:12:38.781 | 09 | 0775 | 65 63 74 63 33 30 31  |  -49
12:12:39.016 | 09 | 0776 | 65 63 74 63 33 30 31  |  -48
12:12:39.272 | 09 | 0777 | 65 63 74 63 33 30 31  |  -48
12:12:39.528 | 09 | 0778 | 65 63 74 63 33 30 31  |  -49
12:12:39.750 | 09 | 0779 | 65 63 74 63 33 30 31  |  -49
12:12:39.971 | 09 | 0780 | 65 63 74 63 33 30 31  |  -49
12:12:40.203 | 09 | 0781 | 65 63 74 63 33 30 31  |  -49
12:12:40.423 | 09 | 0782 | 65 63 74 63 33 30 31  |  -49
12:12:40.671 | 09 | 0783 | 65 63 74 63 33 30 31  |  -49
12:12:40.907 | 09 | 0784 | 65 63 74 63 33 30 31  |  -48
12:12:41.155 | 09 | 0785 | 65 63 74 63 33 30 31  |  -48
12:12:41.399 | 09 | 0786 | 65 63 74 63 33 30 31  |  -47
12:12:41.623 | 09 | 0787 | 65 63 74 63 33 30 31  |  -48
12:12:41.830 | 09 | 0788 | 65 63 74 63 33 30 31  |  -47
12:12:42.041 | 09 | 0789 | 65 63 74 63 33 30 31  |  -48
12:12:42.249 | 09 | 0790 | 65 63 74 63 33 30 31  |  -48
12:12:42.460 | 09 | 0791 | 65 63 74 63 33 30 31  |  -48
12:12:42.675 | 09 | 0792 | 65 63 74 63 33 30 31  |  -48
12:12:42.884 | 09 | 0793 | 65 63 74 63 33 30 31  |  -47
12:12:43.120 | 09 | 0794 | 65 63 74 63 33 30 31  |  -48
12:12:43.352 | 09 | 0795 | 65 63 74 63 33 30 31  |  -48
12:12:43.612 | 09 | 0796 | 65 63 74 63 33 30 31  |  -47
12:12:43.861 | 09 | 0797 | 65 63 74 63 33 30 31  |  -47
12:12:44.076 | 09 | 0798 | 65 63 74 63 33 30 31  |  -47
12:12:44.295 | 09 | 0799 | 65 63 74 63 33 30 31  |  -47
12:12:44.525 | 09 | 0800 | 65 63 74 63 33 30 31  |  -48
12:12:44.724 | 09 | 0801 | 65 63 74 63 33 30 31  |  -48
12:12:44.945 | 09 | 0802 | 65 63 74 63 33 30 31  |  -48
12:12:45.170 | 09 | 0803 | 65 63 74 63 33 30 31  |  -48
12:12:45.394 | 09 | 0804 | 65 63 74 63 33 30 31  |  -48
12:12:45.624 | 09 | 0805 | 65 63 74 63 33 30 31  |  -48
12:12:45.874 | 09 | 0806 | 65 63 74 63 33 30 31  |  -48
12:12:46.052 | 09 | 0807 | 65 63 74 63 33 30 31  |  -48
12:12:46.293 | 09 | 0808 | 65 63 74 63 33 30 31  |  -47
12:12:46.500 | 09 | 0809 | 65 63 74 63 33 30 31  |  -47
12:12:46.713 | 09 | 0810 | 65 63 74 63 33 30 31  |  -48
12:12:46.949 | 09 | 0811 | 65 63 74 63 33 30 31  |  -48
12:12:47.178 | 09 | 0812 | 65 63 74 63 33 30 31  |  -48
12:12:47.411 | 09 | 0813 | 65 63 74 63 33 30 31  |  -48
12:12:47.639 | 09 | 0814 | 65 63 74 63 33 30 31  |  -48
12:12:47.856 | 09 | 0815 | 65 63 74 63 33 30 31  |  -48
12:12:48.090 | 09 | 0816 | 65 63 74 63 33 30 31  |  -48
12:12:48.332 | 09 | 0817 | 65 63 74 63 33 30 31  |  -48
12:12:48.561 | 09 | 0818 | 65 63 74 63 33 30 31  |  -48
12:12:48.775 | 09 | 0819 | 65 63 74 63 33 30 31  |  -48
12:12:48.994 | 09 | 0820 | 65 63 74 63 33 30 31  |  -48
12:12:49.202 | 09 | 0821 | 65 63 74 63 33 30 31  |  -48
12:12:49.432 | 09 | 0822 | 65 63 74 63 33 30 31  |  -48
12:12:49.659 | 09 | 0823 | 65 63 74 63 33 30 31  |  -48
12:12:49.886 | 09 | 0824 | 65 63 74 63 33 30 31  |  -48
12:12:50.107 | 09 | 0825 | 65 63 74 63 33 30 31  |  -48
12:12:50.341 | 09 | 0826 | 65 63 74 63 33 30 31  |  -48
12:12:50.573 | 09 | 0827 | 65 63 74 63 33 30 31  |  -48
12:12:50.811 | 09 | 0828 | 65 63 74 63 33 30 31  |  -48
12:12:51.057 | 09 | 0829 | 65 63 74 63 33 30 31  |  -48
12:12:51.276 | 09 | 0830 | 65 63 74 63 33 30 31  |  -48
12:12:51.516 | 09 | 0831 | 65 63 74 63 33 30 31  |  -48
12:12:51.738 | 09 | 0832 | 65 63 74 63 33 30 31  |  -48
12:12:51.969 | 09 | 0833 | 65 63 74 63 33 30 31  |  -48
12:12:52.194 | 09 | 0834 | 65 63 74 63 33 30 31  |  -48
12:12:52.425 | 09 | 0835 | 65 63 74 63 33 30 31  |  -48
12:12:52.648 | 09 | 0836 | 65 63 74 63 33 30 31  |  -48
12:12:52.893 | 09 | 0837 | 65 63 74 63 33 30 31  |  -48
12:12:53.108 | 09 | 0838 | 65 63 74 63 33 30 31  |  -48
12:12:53.335 | 09 | 0839 | 65 63 74 63 33 30 31  |  -48
12:12:53.556 | 09 | 0840 | 65 63 74 63 33 30 31  |  -48
12:12:53.772 | 09 | 0841 | 65 63 74 63 33 30 31  |  -48
12:12:53.982 | 09 | 0842 | 65 63 74 63 33 30 31  |  -48
12:12:54.260 | 09 | 0843 | 65 63 74 63 33 30 31  |  -48
12:12:54.506 | 09 | 0844 | 65 63 74 63 33 30 31  |  -47
12:12:54.749 | 09 | 0845 | 65 63 74 63 33 30 31  |  -47
12:12:54.988 | 09 | 0846 | 65 63 74 63 33 30 31  |  -48
12:12:55.239 | 09 | 0847 | 65 63 74 63 33 30 31  |  -48
12:12:55.501 | 09 | 0848 | 65 63 74 63 33 30 31  |  -47
12:12:55.706 | 09 | 0849 | 65 63 74 63 33 30 31  |  -46
12:12:55.946 | 09 | 0850 | 65 63 74 63 33 30 31  |  -45
12:12:56.176 | 09 | 0851 | 65 63 74 63 33 30 31  |  -45
12:12:56.397 | 09 | 0852 | 65 63 74 63 33 30 31  |  -45
12:12:56.614 | 09 | 0853 | 65 63 74 63 33 30 31  |  -45
12:12:56.846 | 09 | 0854 | 65 63 74 63 33 30 31  |  -46
12:12:57.116 | 09 | 0855 | 65 63 74 63 33 30 31  |  -47
12:12:57.297 | 09 | 0856 | 65 63 74 63 33 30 31  |  -46
12:12:57.539 | 09 | 0857 | 65 63 74 63 33 30 31  |  -47
12:12:57.783 | 09 | 0858 | 65 63 74 63 33 30 31  |  -47
12:12:57.979 | 09 | 0859 | 65 63 74 63 33 30 31  |  -47
12:12:58.202 | 09 | 0860 | 65 63 74 63 33 30 31  |  -47
12:12:58.469 | 09 | 0861 | 65 63 74 63 33 30 31  |  -47
12:12:58.712 | 09 | 0862 | 65 63 74 63 33 30 31  |  -47
12:12:58.949 | 09 | 0863 | 65 63 74 63 33 30 31  |  -47
12:12:59.198 | 09 | 0864 | 65 63 74 63 33 30 31  |  -48
12:12:59.454 | 09 | 0865 | 65 63 74 63 33 30 31  |  -48
12:12:59.702 | 09 | 0866 | 65 63 74 63 33 30 31  |  -48
12:12:59.937 | 09 | 0867 | 65 63 74 63 33 30 31  |  -48
12:13:00.180 | 09 | 0868 | 65 63 74 63 33 30 31  |  -48
12:13:00.429 | 09 | 0869 | 65 63 74 63 33 30 31  |  -48
12:13:00.658 | 09 | 0870 | 65 63 74 63 33 30 31  |  -48
12:13:00.903 | 09 | 0871 | 65 63 74 63 33 30 31  |  -48
12:13:01.144 | 09 | 0872 | 65 63 74 63 33 30 31  |  -48
12:13:01.393 | 09 | 0873 | 65 63 74 63 33 30 31  |  -48
12:13:01.631 | 09 | 0874 | 65 63 74 63 33 30 31  |  -48
12:13:01.857 | 09 | 0875 | 65 63 74 63 33 30 31  |  -48
12:13:02.095 | 09 | 0876 | 65 63 74 63 33 30 31  |  -48
12:13:02.344 | 09 | 0877 | 65 63 74 63 33 30 31  |  -48
12:13:02.545 | 09 | 0878 | 65 63 74 63 33 30 31  |  -48
12:13:02.768 | 09 | 0879 | 65 63 74 63 33 30 31  |  -48
12:13:02.969 | 09 | 0880 | 65 63 74 63 33 30 31  |  -48
12:13:03.187 | 09 | 0881 | 65 63 74 63 33 30 31  |  -48
12:13:03.414 | 09 | 0882 | 65 63 74 63 33 30 31  |  -48
12:13:03.647 | 09 | 0883 | 65 63 74 63 33 30 31  |  -47
12:13:03.892 | 09 | 0884 | 65 63 74 63 33 30 31  |  -47
12:13:04.125 | 09 | 0885 | 65 63 74 63 33 30 31  |  -47
12:13:04.367 | 09 | 0886 | 65 63 74 63 33 30 31  |  -47
12:13:04.612 | 09 | 0887 | 65 63 74 63 33 30 31  |  -47
12:13:04.870 | 09 | 0888 | 65 63 74 63 33 30 31  |  -48
12:13:05.072 | 09 | 0889 | 65 63 74 63 33 30 31  |  -48
12:13:05.331 | 09 | 0890 | 65 63 74 63 33 30 31  |  -48
12:13:05.580 | 09 | 0891 | 65 63 74 63 33 30 31  |  -48
12:13:05.826 | 09 | 0892 | 65 63 74 63 33 30 31  |  -48
12:13:06.067 | 09 | 0893 | 65 63 74 63 33 30 31  |  -48
12:13:06.291 | 09 | 0894 | 65 63 74 63 33 30 31  |  -48
12:13:06.537 | 09 | 0895 | 65 63 74 63 33 30 31  |  -48
12:13:06.762 | 09 | 0896 | 65 63 74 63 33 30 31  |  -48
12:13:06.961 | 09 | 0897 | 65 63 74 63 33 30 31  |  -48
12:13:07.176 | 09 | 0898 | 65 63 74 63 33 30 31  |  -48
12:13:07.388 | 09 | 0899 | 65 63 74 63 33 30 31  |  -48
12:13:07.610 | 09 | 0900 | 65 63 74 63 33 30 31  |  -48
12:13:07.794 | 09 | 0901 | 65 63 74 63 33 30 31  |  -48
12:13:08.001 | 09 | 0902 | 65 63 74 63 33 30 31  |  -48
12:13:08.244 | 09 | 0903 | 65 63 74 63 33 30 31  |  -47
12:13:08.478 | 09 | 0904 | 65 63 74 63 33 30 31  |  -47
12:13:08.712 | 09 | 0905 | 65 63 74 63 33 30 31  |  -46
12:13:08.946 | 09 | 0906 | 65 63 74 63 33 30 31  |  -46
12:13:09.177 | 09 | 0907 | 65 63 74 63 33 30 31  |  -46
12:13:09.411 | 09 | 0908 | 65 63 74 63 33 30 31  |  -46
12:13:09.648 | 09 | 0909 | 65 63 74 63 33 30 31  |  -45
12:13:09.882 | 09 | 0910 | 65 63 74 63 33 30 31  |  -46
12:13:10.104 | 09 | 0911 | 65 63 74 63 33 30 31  |  -46
12:13:10.350 | 09 | 0912 | 65 63 74 63 33 30 31  |  -45
12:13:10.574 | 09 | 0913 | 65 63 74 63 33 30 31  |  -46
12:13:10.814 | 09 | 0914 | 65 63 74 63 33 30 31  |  -45
12:13:11.038 | 09 | 0915 | 65 63 74 63 33 30 31  |  -44
12:13:11.282 | 09 | 0916 | 65 63 74 63 33 30 31  |  -44
12:13:11.507 | 09 | 0917 | 65 63 74 63 33 30 31  |  -44
12:13:11.725 | 09 | 0918 | 65 63 74 63 33 30 31  |  -44
12:13:11.940 | 09 | 0919 | 65 63 74 63 33 30 31  |  -44
12:13:12.159 | 09 | 0920 | 65 63 74 63 33 30 31  |  -44
12:13:12.363 | 09 | 0921 | 65 63 74 63 33 30 31  |  -45
12:13:12.601 | 09 | 0922 | 65 63 74 63 33 30 31  |  -46
12:13:12.842 | 09 | 0923 | 65 63 74 63 33 30 31  |  -48
12:13:13.096 | 09 | 0924 | 65 63 74 63 33 30 31  |  -49
12:13:13.329 | 09 | 0925 | 65 63 74 63 33 30 31  |  -48
12:13:13.551 | 09 | 0926 | 65 63 74 63 33 30 31  |  -47
12:13:13.769 | 09 | 0927 | 65 63 74 63 33 30 31  |  -46
12:13:13.980 | 09 | 0928 | 65 63 74 63 33 30 31  |  -46
12:13:14.208 | 09 | 0929 | 65 63 74 63 33 30 31  |  -46
12:13:14.399 | 09 | 0930 | 65 63 74 63 33 30 31  |  -46
12:13:14.631 | 09 | 0931 | 65 63 74 63 33 30 31  |  -46
12:13:14.863 | 09 | 0932 | 65 63 74 63 33 30 31  |  -47
12:13:15.093 | 09 | 0933 | 65 63 74 63 33 30 31  |  -49
12:13:15.344 | 09 | 0934 | 65 63 74 63 33 30 31  |  -48
12:13:15.593 | 09 | 0935 | 65 63 74 63 33 30 31  |  -48
12:13:15.824 | 09 | 0936 | 65 63 74 63 33 30 31  |  -48
12:13:16.039 | 09 | 0937 | 65 63 74 63 33 30 31  |  -48
12:13:16.259 | 09 | 0938 | 65 63 74 63 33 30 31  |  -48
12:13:16.478 | 09 | 0939 | 65 63 74 63 33 30 31  |  -48
12:13:16.670 | 09 | 0940 | 65 63 74 63 33 30 31  |  -47
12:13:16.916 | 09 | 0941 | 65 63 74 63 33 30 31  |  -46
12:13:17.130 | 09 | 0942 | 65 63 74 63 33 30 31  |  -47
12:13:17.336 | 09 | 0943 | 65 63 74 63 33 30 31  |  -48
12:13:17.560 | 09 | 0944 | 65 63 74 63 33 30 31  |  -48
12:13:17.784 | 09 | 0945 | 65 63 74 63 33 30 31  |  -47
12:13:18.008 | 09 | 0946 | 65 63 74 63 33 30 31  |  -47
12:13:18.233 | 09 | 0947 | 65 63 74 63 33 30 31  |  -47
12:13:18.458 | 09 | 0948 | 65 63 74 63 33 30 31  |  -48
12:13:18.687 | 09 | 0949 | 65 63 74 63 33 30 31  |  -48
12:13:18.904 | 09 | 0950 | 65 63 74 63 33 30 31  |  -48
12:13:19.130 | 09 | 0951 | 65 63 74 63 33 30 31  |  -48
12:13:19.381 | 09 | 0952 | 65 63 74 63 33 30 31  |  -48
12:13:19.610 | 09 | 0953 | 65 63 74 63 33 30 31  |  -48
12:13:19.847 | 09 | 0954 | 65 63 74 63 33 30 31  |  -48
12:13:20.069 | 09 | 0955 | 65 63 74 63 33 30 31  |  -48
12:13:20.319 | 09 | 0956 | 65 63 74 63 33 30 31  |  -48
12:13:20.559 | 09 | 0957 | 65 63 74 63 33 30 31  |  -48
12:13:20.781 | 09 | 0958 | 65 63 74 63 33 30 31  |  -48
12:13:20.989 | 09 | 0959 | 65 63 74 63 33 30 31  |  -49
12:13:21.220 | 09 | 0960 | 65 63 74 63 33 30 31  |  -48
12:13:21.452 | 09 | 0961 | 65 63 74 63 33 30 31  |  -48
12:13:21.667 | 09 | 0962 | 65 63 74 63 33 30 31  |  -48
12:13:21.889 | 09 | 0963 | 65 63 74 63 33 30 31  |  -48
12:13:22.109 | 09 | 0964 | 65 63 74 63 33 30 31  |  -48
12:13:22.344 | 09 | 0965 | 65 63 74 63 33 30 31  |  -48
12:13:22.572 | 09 | 0966 | 65 63 74 63 33 30 31  |  -48
12:13:22.777 | 09 | 0967 | 65 63 74 63 33 30 31  |  -48
12:13:22.998 | 09 | 0968 | 65 63 74 63 33 30 31  |  -48
12:13:23.224 | 09 | 0969 | 65 63 74 63 33 30 31  |  -48
12:13:23.483 | 09 | 0970 | 65 63 74 63 33 30 31  |  -48
12:13:23.706 | 09 | 0971 | 65 63 74 63 33 30 31  |  -47
12:13:23.940 | 09 | 0972 | 65 63 74 63 33 30 31  |  -50
12:13:24.177 | 09 | 0973 | 65 63 74 63 33 30 31  |  -50
12:13:24.427 | 09 | 0974 | 65 63 74 63 33 30 31  |  -49
12:13:24.668 | 09 | 0975 | 65 63 74 63 33 30 31  |  -54
12:13:24.907 | 09 | 0976 | 65 63 74 63 33 30 31  |  -56
12:13:25.143 | 09 | 0977 | 65 63 74 63 33 30 31  |  -50
12:13:25.368 | 09 | 0978 | 65 63 74 63 33 30 31  |  -49
12:13:25.590 | 09 | 0979 | 65 63 74 63 33 30 31  |  -50
12:13:25.830 | 09 | 0980 | 65 63 74 63 33 30 31  |  -48
12:13:26.072 | 09 | 0981 | 65 63 74 63 33 30 31  |  -50
12:13:26.318 | 09 | 0982 | 65 63 74 63 33 30 31  |  -48
12:13:26.556 | 09 | 0983 | 65 63 74 63 33 30 31  |  -47
12:13:26.789 | 09 | 0984 | 65 63 74 63 33 30 31  |  -48
12:13:27.022 | 09 | 0985 | 65 63 74 63 33 30 31  |  -48
12:13:27.250 | 09 | 0986 | 65 63 74 63 33 30 31  |  -48
12:13:27.462 | 09 | 0987 | 65 63 74 63 33 30 31  |  -48
12:13:27.676 | 09 | 0988 | 65 63 74 63 33 30 31  |  -47
12:13:27.886 | 09 | 0989 | 65 63 74 63 33 30 31  |  -48
12:13:28.107 | 09 | 0990 | 65 63 74 63 33 30 31  |  -48
12:13:28.348 | 09 | 0991 | 65 63 74 63 33 30 31  |  -48
12:13:28.600 | 09 | 0992 | 65 63 74 63 33 30 31  |  -48
12:13:28.853 | 09 | 0993 | 65 63 74 63 33 30 31  |  -47
12:13:29.071 | 09 | 0994 | 65 63 74 63 33 30 31  |  -47
12:13:29.285 | 09 | 0995 | 65 63 74 63 33 30 31  |  -47
12:13:29.525 | 09 | 0996 | 65 63 74 63 33 30 31  |  -47
12:13:29.757 | 09 | 0997 | 65 63 74 63 33 30 31  |  -48
12:13:29.996 | 09 | 0998 | 65 63 74 63 33 30 31  |  -48
12:13:30.225 | 09 | 0999 | 65 63 74 63 33 30 31  |  -50
12:13:30.464 | 09 | 1000 | 65 63 74 63 33 30 31  |  -48
12:13:30.677 | 09 | 1001 | 65 63 74 63 33 30 31  |  -46
12:13:30.907 | 09 | 1002 | 65 63 74 63 33 30 31  |  -46
12:13:31.155 | 09 | 1003 | 65 63 74 63 33 30 31  |  -48
12:13:31.410 | 09 | 1004 | 65 63 74 63 33 30 31  |  -47
12:13:31.658 | 09 | 1005 | 65 63 74 63 33 30 31  |  -47
12:13:31.896 | 09 | 1006 | 65 63 74 63 33 30 31  |  -47
12:13:32.132 | 09 | 1007 | 65 63 74 63 33 30 31  |  -47
12:13:32.372 | 09 | 1008 | 65 63 74 63 33 30 31  |  -47
12:13:32.588 | 09 | 1009 | 65 63 74 63 33 30 31  |  -47
12:13:32.825 | 09 | 1010 | 65 63 74 63 33 30 31  |  -46
12:13:33.076 | 09 | 1011 | 65 63 74 63 33 30 31  |  -46
12:13:33.305 | 09 | 1012 | 65 63 74 63 33 30 31  |  -46
12:13:33.518 | 09 | 1013 | 65 63 74 63 33 30 31  |  -46
12:13:33.767 | 09 | 1014 | 65 63 74 63 33 30 31  |  -47
12:13:34.007 | 09 | 1015 | 65 63 74 63 33 30 31  |  -47
12:13:34.258 | 09 | 1016 | 65 63 74 63 33 30 31  |  -47
12:13:34.471 | 09 | 1017 | 65 63 74 63 33 30 31  |  -48
12:13:34.707 | 09 | 1018 | 65 63 74 63 33 30 31  |  -48
12:13:34.925 | 09 | 1019 | 65 63 74 63 33 30 31  |  -48
12:13:35.178 | 09 | 1020 | 65 63 74 63 33 30 31  |  -48
12:13:35.421 | 09 | 1021 | 65 63 74 63 33 30 31  |  -48
12:13:35.652 | 09 | 1022 | 65 63 74 63 33 30 31  |  -48
12:13:35.878 | 09 | 1023 | 65 63 74 63 33 30 31  |  -48
12:13:36.118 | 09 | 1024 | 65 63 74 63 33 30 31  |  -48
12:13:36.356 | 09 | 1025 | 65 63 74 63 33 30 31  |  -49
12:13:36.657 | 09 | 1026 | 65 63 74 63 33 30 31  |  -49
12:13:36.849 | 09 | 1027 | 65 63 74 63 33 30 31  |  -49
12:13:37.066 | 09 | 1028 | 65 63 74 63 33 30 31  |  -49
12:13:37.291 | 09 | 1029 | 65 63 74 63 33 30 31  |  -49
12:13:37.522 | 09 | 1030 | 65 63 74 63 33 30 31  |  -49
12:13:37.744 | 09 | 1031 | 65 63 74 63 33 30 31  |  -48
12:13:37.977 | 09 | 1032 | 65 63 74 63 33 30 31  |  -48
12:13:38.228 | 09 | 1033 | 65 63 74 63 33 30 31  |  -48
12:13:38.485 | 09 | 1034 | 65 63 74 63 33 30 31  |  -48
12:13:38.713 | 09 | 1035 | 65 63 74 63 33 30 31  |  -48
12:13:38.933 | 09 | 1036 | 65 63 74 63 33 30 31  |  -48
12:13:39.149 | 09 | 1037 | 65 63 74 63 33 30 31  |  -47
12:13:39.376 | 09 | 1038 | 65 63 74 63 33 30 31  |  -48
12:13:39.592 | 09 | 1039 | 65 63 74 63 33 30 31  |  -47
12:13:39.802 | 09 | 1040 | 65 63 74 63 33 30 31  |  -46
12:13:39.992 | 09 | 1041 | 65 63 74 63 33 30 31  |  -45
12:13:40.219 | 09 | 1042 | 65 63 74 63 33 30 31  |  -45
12:13:40.449 | 09 | 1043 | 65 63 74 63 33 30 31  |  -45
12:13:40.684 | 09 | 1044 | 65 63 74 63 33 30 31  |  -45
12:13:40.932 | 09 | 1045 | 65 63 74 63 33 30 31  |  -46
12:13:41.144 | 09 | 1046 | 65 63 74 63 33 30 31  |  -48
12:13:41.353 | 09 | 1047 | 65 63 74 63 33 30 31  |  -49
12:13:41.587 | 09 | 1048 | 65 63 74 63 33 30 31  |  -48
12:13:41.825 | 09 | 1049 | 65 63 74 63 33 30 31  |  -48
12:13:42.071 | 09 | 1050 | 65 63 74 63 33 30 31  |  -50
12:13:42.317 | 09 | 1051 | 65 63 74 63 33 30 31  |  -50
12:13:42.522 | 09 | 1052 | 65 63 74 63 33 30 31  |  -48
12:13:42.732 | 09 | 1053 | 65 63 74 63 33 30 31  |  -48
12:13:42.956 | 09 | 1054 | 65 63 74 63 33 30 31  |  -48
12:13:43.186 | 09 | 1055 | 65 63 74 63 33 30 31  |  -48
12:13:43.427 | 09 | 1056 | 65 63 74 63 33 30 31  |  -47
12:13:43.690 | 09 | 1057 | 65 63 74 63 33 30 31  |  -47
12:13:43.908 | 09 | 1058 | 65 63 74 63 33 30 31  |  -46
12:13:44.138 | 09 | 1059 | 65 63 74 63 33 30 31  |  -46
12:13:44.376 | 09 | 1060 | 65 63 74 63 33 30 31  |  -46
12:13:44.619 | 09 | 1061 | 65 63 74 63 33 30 31  |  -46
12:13:44.888 | 09 | 1062 | 65 63 74 63 33 30 31  |  -46
12:13:45.122 | 09 | 1063 | 65 63 74 63 33 30 31  |  -46
12:13:45.385 | 09 | 1064 | 65 63 74 63 33 30 31  |  -46
12:13:45.642 | 09 | 1065 | 65 63 74 63 33 30 31  |  -46
12:13:45.865 | 09 | 1066 | 65 63 74 63 33 30 31  |  -47
12:13:46.101 | 09 | 1067 | 65 63 74 63 33 30 31  |  -46
12:13:46.344 | 09 | 1068 | 65 63 74 63 33 30 31  |  -46
12:13:46.580 | 09 | 1069 | 65 63 74 63 33 30 31  |  -46
12:13:46.817 | 09 | 1070 | 65 63 74 63 33 30 31  |  -47
12:13:47.044 | 09 | 1071 | 65 63 74 63 33 30 31  |  -48
12:13:47.264 | 09 | 1072 | 65 63 74 63 33 30 31  |  -48
12:13:47.496 | 09 | 1073 | 65 63 74 63 33 30 31  |  -48
12:13:47.726 | 09 | 1074 | 65 63 74 63 33 30 31  |  -48
12:13:47.963 | 09 | 1075 | 65 63 74 63 33 30 31  |  -48
12:13:48.168 | 09 | 1076 | 65 63 74 63 33 30 31  |  -48
12:13:48.398 | 09 | 1077 | 65 63 74 63 33 30 31  |  -48
12:13:48.629 | 09 | 1078 | 65 63 74 63 33 30 31  |  -47
12:13:48.864 | 09 | 1079 | 65 63 74 63 33 30 31  |  -48
12:13:49.093 | 09 | 1080 | 65 63 74 63 33 30 31  |  -47
12:13:49.304 | 09 | 1081 | 65 63 74 63 33 30 31  |  -48
12:13:49.527 | 09 | 1082 | 65 63 74 63 33 30 31  |  -47
12:13:49.762 | 09 | 1083 | 65 63 74 63 33 30 31  |  -48
12:13:49.976 | 09 | 1084 | 65 63 74 63 33 30 31  |  -48
12:13:50.197 | 09 | 1085 | 65 63 74 63 33 30 31  |  -48
12:13:50.421 | 09 | 1086 | 65 63 74 63 33 30 31  |  -48
12:13:50.638 | 09 | 1087 | 65 63 74 63 33 30 31  |  -47
12:13:50.838 | 09 | 1088 | 65 63 74 63 33 30 31  |  -47
12:13:51.053 | 09 | 1089 | 65 63 74 63 33 30 31  |  -48
12:13:51.280 | 09 | 1090 | 65 63 74 63 33 30 31  |  -47
12:13:51.504 | 09 | 1091 | 65 63 74 63 33 30 31  |  -48
12:13:51.710 | 09 | 1092 | 65 63 74 63 33 30 31  |  -48
12:13:51.941 | 09 | 1093 | 65 63 74 63 33 30 31  |  -47
12:13:52.153 | 09 | 1094 | 65 63 74 63 33 30 31  |  -47
12:13:52.383 | 09 | 1095 | 65 63 74 63 33 30 31  |  -47
12:13:52.643 | 09 | 1096 | 65 63 74 63 33 30 31  |  -47
12:13:52.860 | 09 | 1097 | 65 63 74 63 33 30 31  |  -47
12:13:53.100 | 09 | 1098 | 65 63 74 63 33 30 31  |  -47
12:13:53.304 | 09 | 1099 | 65 63 74 63 33 30 31  |  -47
12:13:53.533 | 09 | 1100 | 65 63 74 63 33 30 31  |  -47
12:13:53.750 | 09 | 1101 | 65 63 74 63 33 30 31  |  -47
12:13:53.985 | 09 | 1102 | 65 63 74 63 33 30 31  |  -48
12:13:54.221 | 09 | 1103 | 65 63 74 63 33 30 31  |  -47
12:13:54.463 | 09 | 1104 | 65 63 74 63 33 30 31  |  -48
12:13:54.716 | 09 | 1105 | 65 63 74 63 33 30 31  |  -48
12:13:54.951 | 09 | 1106 | 65 63 74 63 33 30 31  |  -48
12:13:55.163 | 09 | 1107 | 65 63 74 63 33 30 31  |  -48
12:13:55.369 | 09 | 1108 | 65 63 74 63 33 30 31  |  -48
12:13:55.581 | 09 | 1109 | 65 63 74 63 33 30 31  |  -48
12:13:55.809 | 09 | 1110 | 65 63 74 63 33 30 31  |  -48
12:13:56.050 | 09 | 1111 | 65 63 74 63 33 30 31  |  -47
12:13:56.271 | 09 | 1112 | 65 63 74 63 33 30 31  |  -48
12:13:56.498 | 09 | 1113 | 65 63 74 63 33 30 31  |  -48
12:13:56.720 | 09 | 1114 | 65 63 74 63 33 30 31  |  -48
12:13:56.946 | 09 | 1115 | 65 63 74 63 33 30 31  |  -47
12:13:57.198 | 09 | 1116 | 65 63 74 63 33 30 31  |  -47
12:13:57.446 | 09 | 1117 | 65 63 74 63 33 30 31  |  -47
12:13:57.678 | 09 | 1118 | 65 63 74 63 33 30 31  |  -46
12:13:57.911 | 09 | 1119 | 65 63 74 63 33 30 31  |  -46
12:13:58.130 | 09 | 1120 | 65 63 74 63 33 30 31  |  -46
12:13:58.370 | 09 | 1121 | 65 63 74 63 33 30 31  |  -46
12:13:58.609 | 09 | 1122 | 65 63 74 63 33 30 31  |  -46
12:13:58.834 | 09 | 1123 | 65 63 74 63 33 30 31  |  -46
12:13:59.073 | 09 | 1124 | 65 63 74 63 33 30 31  |  -46
12:13:59.281 | 09 | 1125 | 65 63 74 63 33 30 31  |  -46
12:13:59.502 | 09 | 1126 | 65 63 74 63 33 30 31  |  -46
12:13:59.736 | 09 | 1127 | 65 63 74 63 33 30 31  |  -47
12:13:59.987 | 09 | 1128 | 65 63 74 63 33 30 31  |  -46
12:14:00.209 | 09 | 1129 | 65 63 74 63 33 30 31  |  -46
12:14:00.428 | 09 | 1130 | 65 63 74 63 33 30 31  |  -46
12:14:00.696 | 09 | 1131 | 65 63 74 63 33 30 31  |  -46
12:14:00.952 | 09 | 1132 | 65 63 74 63 33 30 31  |  -46
12:14:01.217 | 09 | 1133 | 65 63 74 63 33 30 31  |  -47
12:14:01.462 | 09 | 1134 | 65 63 74 63 33 30 31  |  -46
12:14:01.679 | 09 | 1135 | 65 63 74 63 33 30 31  |  -46
12:14:01.914 | 09 | 1136 | 65 63 74 63 33 30 31  |  -46
12:14:02.158 | 09 | 1137 | 65 63 74 63 33 30 31  |  -46
12:14:02.397 | 09 | 1138 | 65 63 74 63 33 30 31  |  -46
12:14:02.640 | 09 | 1139 | 65 63 74 63 33 30 31  |  -45
12:14:02.873 | 09 | 1140 | 65 63 74 63 33 30 31  |  -46
12:14:03.077 | 09 | 1141 | 65 63 74 63 33 30 31  |  -46
12:14:03.314 | 09 | 1142 | 65 63 74 63 33 30 31  |  -46
12:14:03.530 | 09 | 1143 | 65 63 74 63 33 30 31  |  -46
12:14:03.754 | 09 | 1144 | 65 63 74 63 33 30 31  |  -47
12:14:03.985 | 09 | 1145 | 65 63 74 63 33 30 31  |  -47
12:14:04.184 | 09 | 1146 | 65 63 74 63 33 30 31  |  -47
12:14:04.419 | 09 | 1147 | 65 63 74 63 33 30 31  |  -48
12:14:04.652 | 09 | 1148 | 65 63 74 63 33 30 31  |  -48
12:14:04.872 | 09 | 1149 | 65 63 74 63 33 30 31  |  -47
12:14:05.128 | 09 | 1150 | 65 63 74 63 33 30 31  |  -46
12:14:05.348 | 09 | 1151 | 65 63 74 63 33 30 31  |  -46
12:14:05.575 | 09 | 1152 | 65 63 74 63 33 30 31  |  -47
12:14:05.805 | 09 | 1153 | 65 63 74 63 33 30 31  |  -48
12:14:06.019 | 09 | 1154 | 65 63 74 63 33 30 31  |  -49
12:14:06.254 | 09 | 1155 | 65 63 74 63 33 30 31  |  -49
12:14:06.468 | 09 | 1156 | 65 63 74 63 33 30 31  |  -49
12:14:06.688 | 09 | 1157 | 65 63 74 63 33 30 31  |  -49
12:14:06.902 | 09 | 1158 | 65 63 74 63 33 30 31  |  -49
12:14:07.122 | 09 | 1159 | 65 63 74 63 33 30 31  |  -49
12:14:07.372 | 09 | 1160 | 65 63 74 63 33 30 31  |  -48
12:14:07.598 | 09 | 1161 | 65 63 74 63 33 30 31  |  -49
12:14:07.836 | 09 | 1162 | 65 63 74 63 33 30 31  |  -49
12:14:08.063 | 09 | 1163 | 65 63 74 63 33 30 31  |  -49
12:14:08.283 | 09 | 1164 | 65 63 74 63 33 30 31  |  -48
12:14:08.540 | 09 | 1165 | 65 63 74 63 33 30 31  |  -48
12:14:08.733 | 09 | 1166 | 65 63 74 63 33 30 31  |  -48
12:14:08.968 | 09 | 1167 | 65 63 74 63 33 30 31  |  -48
12:14:09.184 | 09 | 1168 | 65 63 74 63 33 30 31  |  -48
12:14:09.402 | 09 | 1169 | 65 63 74 63 33 30 31  |  -48
12:14:09.632 | 09 | 1170 | 65 63 74 63 33 30 31  |  -48
12:14:09.853 | 09 | 1171 | 65 63 74 63 33 30 31  |  -48
12:14:10.074 | 09 | 1172 | 65 63 74 63 33 30 31  |  -48
12:14:10.285 | 09 | 1173 | 65 63 74 63 33 30 31  |  -47
12:14:10.517 | 09 | 1174 | 65 63 74 63 33 30 31  |  -48
12:14:10.755 | 09 | 1175 | 65 63 74 63 33 30 31  |  -47
12:14:10.979 | 09 | 1176 | 65 63 74 63 33 30 31  |  -48
12:14:11.213 | 09 | 1177 | 65 63 74 63 33 30 31  |  -48
12:14:11.471 | 09 | 1178 | 65 63 74 63 33 30 31  |  -48
12:14:11.712 | 09 | 1179 | 65 63 74 63 33 30 31  |  -48
12:14:11.949 | 09 | 1180 | 65 63 74 63 33 30 31  |  -48
12:14:12.183 | 09 | 1181 | 65 63 74 63 33 30 31  |  -47
12:14:12.429 | 09 | 1182 | 65 63 74 63 33 30 31  |  -47
12:14:12.696 | 09 | 1183 | 65 63 74 63 33 30 31  |  -47
12:14:12.921 | 09 | 1184 | 65 63 74 63 33 30 31  |  -46
12:14:13.144 | 09 | 1185 | 65 63 74 63 33 30 31  |  -48
12:14:13.372 | 09 | 1186 | 65 63 74 63 33 30 31  |  -47
12:14:13.605 | 09 | 1187 | 65 63 74 63 33 30 31  |  -47
12:14:13.840 | 09 | 1188 | 65 63 74 63 33 30 31  |  -47
12:14:14.072 | 09 | 1189 | 65 63 74 63 33 30 31  |  -48
12:14:14.301 | 09 | 1190 | 65 63 74 63 33 30 31  |  -48
12:14:14.522 | 09 | 1191 | 65 63 74 63 33 30 31  |  -48
12:14:14.746 | 09 | 1192 | 65 63 74 63 33 30 31  |  -49
12:14:14.994 | 09 | 1193 | 65 63 74 63 33 30 31  |  -49
12:14:15.257 | 09 | 1194 | 65 63 74 63 33 30 31  |  -48
12:14:15.501 | 09 | 1195 | 65 63 74 63 33 30 31  |  -47
12:14:15.727 | 09 | 1196 | 65 63 74 63 33 30 31  |  -48
12:14:15.976 | 09 | 1197 | 65 63 74 63 33 30 31  |  -50
12:14:16.165 | 09 | 1198 | 65 63 74 63 33 30 31  |  -47
12:14:16.409 | 09 | 1199 | 65 63 74 63 33 30 31  |  -48
12:14:16.644 | 09 | 1200 | 65 63 74 63 33 30 31  |  -48
12:14:16.871 | 09 | 1201 | 65 63 74 63 33 30 31  |  -48
12:14:17.103 | 09 | 1202 | 65 63 74 63 33 30 31  |  -48
12:14:17.336 | 09 | 1203 | 65 63 74 63 33 30 31  |  -48
12:14:17.567 | 09 | 1204 | 65 63 74 63 33 30 31  |  -48
12:14:17.781 | 09 | 1205 | 65 63 74 63 33 30 31  |  -47
12:14:17.976 | 09 | 1206 | 65 63 74 63 33 30 31  |  -47
12:14:18.160 | 09 | 1207 | 65 63 74 63 33 30 31  |  -48
12:14:18.354 | 09 | 1208 | 65 63 74 63 33 30 31  |  -47
12:14:18.565 | 09 | 1209 | 65 63 74 63 33 30 31  |  -47
12:14:18.772 | 09 | 1210 | 65 63 74 63 33 30 31  |  -47
12:14:18.958 | 09 | 1211 | 65 63 74 63 33 30 31  |  -47
12:14:19.139 | 09 | 1212 | 65 63 74 63 33 30 31  |  -47
12:14:19.338 | 09 | 1213 | 65 63 74 63 33 30 31  |  -47
12:14:19.535 | 09 | 1214 | 65 63 74 63 33 30 31  |  -47
12:14:19.783 | 09 | 1215 | 65 63 74 63 33 30 31  |  -47
12:14:20.043 | 09 | 1216 | 65 63 74 63 33 30 31  |  -47
12:14:20.296 | 09 | 1217 | 65 63 74 63 33 30 31  |  -47
12:14:20.534 | 09 | 1218 | 65 63 74 63 33 30 31  |  -47
12:14:20.784 | 09 | 1219 | 65 63 74 63 33 30 31  |  -47
12:14:21.015 | 09 | 1220 | 65 63 74 63 33 30 31  |  -46
12:14:21.244 | 09 | 1221 | 65 63 74 63 33 30 31  |  -46
12:14:21.451 | 09 | 1222 | 65 63 74 63 33 30 31  |  -47
12:14:21.672 | 09 | 1223 | 65 63 74 63 33 30 31  |  -48
12:14:21.868 | 09 | 1224 | 65 63 74 63 33 30 31  |  -47
12:14:22.084 | 09 | 1225 | 65 63 74 63 33 30 31  |  -47
12:14:22.307 | 09 | 1226 | 65 63 74 63 33 30 31  |  -47
12:14:22.534 | 09 | 1227 | 65 63 74 63 33 30 31  |  -46
12:14:22.723 | 09 | 1228 | 65 63 74 63 33 30 31  |  -46
12:14:22.964 | 09 | 1229 | 65 63 74 63 33 30 31  |  -47
12:14:23.200 | 09 | 1230 | 65 63 74 63 33 30 31  |  -47
12:14:23.454 | 09 | 1231 | 65 63 74 63 33 30 31  |  -48
12:14:23.693 | 09 | 1232 | 65 63 74 63 33 30 31  |  -48
12:14:23.915 | 09 | 1233 | 65 63 74 63 33 30 31  |  -48
12:14:24.153 | 09 | 1234 | 65 63 74 63 33 30 31  |  -48
12:14:24.399 | 09 | 1235 | 65 63 74 63 33 30 31  |  -48
12:14:24.644 | 09 | 1236 | 65 63 74 63 33 30 31  |  -46
12:14:24.850 | 09 | 1237 | 65 63 74 63 33 30 31  |  -46
12:14:25.103 | 09 | 1238 | 65 63 74 63 33 30 31  |  -46
12:14:25.348 | 09 | 1239 | 65 63 74 63 33 30 31  |  -46
12:14:25.559 | 09 | 1240 | 65 63 74 63 33 30 31  |  -47
12:14:25.772 | 09 | 1241 | 65 63 74 63 33 30 31  |  -48
12:14:26.002 | 09 | 1242 | 65 63 74 63 33 30 31  |  -48
12:14:26.227 | 09 | 1243 | 65 63 74 63 33 30 31  |  -48
12:14:26.429 | 09 | 1244 | 65 63 74 63 33 30 31  |  -48
12:14:26.663 | 09 | 1245 | 65 63 74 63 33 30 31  |  -48
12:14:26.891 | 09 | 1246 | 65 63 74 63 33 30 31  |  -49
12:14:27.117 | 09 | 1247 | 65 63 74 63 33 30 31  |  -48
12:14:27.352 | 09 | 1248 | 65 63 74 63 33 30 31  |  -48
12:14:27.588 | 09 | 1249 | 65 63 74 63 33 30 31  |  -47
12:14:27.822 | 09 | 1250 | 65 63 74 63 33 30 31  |  -47
12:14:28.058 | 09 | 1251 | 65 63 74 63 33 30 31  |  -47
12:14:28.281 | 09 | 1252 | 65 63 74 63 33 30 31  |  -48
12:14:28.514 | 09 | 1253 | 65 63 74 63 33 30 31  |  -49
12:14:28.769 | 09 | 1254 | 65 63 74 63 33 30 31  |  -50
12:14:29.018 | 09 | 1255 | 65 63 74 63 33 30 31  |  -48
12:14:29.263 | 09 | 1256 | 65 63 74 63 33 30 31  |  -48
12:14:29.505 | 09 | 1257 | 65 63 74 63 33 30 31  |  -50
12:14:29.762 | 09 | 1258 | 65 63 74 63 33 30 31  |  -51
12:14:30.005 | 09 | 1259 | 65 63 74 63 33 30 31  |  -49
12:14:30.252 | 09 | 1260 | 65 63 74 63 33 30 31  |  -48
12:14:30.481 | 09 | 1261 | 65 63 74 63 33 30 31  |  -50
12:14:30.741 | 09 | 1262 | 65 63 74 63 33 30 31  |  -49
12:14:30.989 | 09 | 1263 | 65 63 74 63 33 30 31  |  -48
12:14:31.247 | 09 | 1264 | 65 63 74 63 33 30 31  |  -49
12:14:31.498 | 09 | 1265 | 65 63 74 63 33 30 31  |  -46
12:14:31.730 | 09 | 1266 | 65 63 74 63 33 30 31  |  -47
12:14:31.945 | 09 | 1267 | 65 63 74 63 33 30 31  |  -47
12:14:32.161 | 09 | 1268 | 65 63 74 63 33 30 31  |  -47
12:14:32.394 | 09 | 1269 | 65 63 74 63 33 30 31  |  -47
12:14:32.601 | 09 | 1270 | 65 63 74 63 33 30 31  |  -47
12:14:32.830 | 09 | 1271 | 65 63 74 63 33 30 31  |  -47
12:14:33.073 | 09 | 1272 | 65 63 74 63 33 30 31  |  -46
12:14:33.317 | 09 | 1273 | 65 63 74 63 33 30 31  |  -46
12:14:33.568 | 09 | 1274 | 65 63 74 63 33 30 31  |  -46
12:14:33.823 | 09 | 1275 | 65 63 74 63 33 30 31  |  -46
12:14:34.063 | 09 | 1276 | 65 63 74 63 33 30 31  |  -46
12:14:34.284 | 09 | 1277 | 65 63 74 63 33 30 31  |  -46
12:14:34.514 | 09 | 1278 | 65 63 74 63 33 30 31  |  -46
12:14:34.767 | 09 | 1279 | 65 63 74 63 33 30 31  |  -46
12:14:34.996 | 09 | 1280 | 65 63 74 63 33 30 31  |  -45
12:14:35.216 | 09 | 1281 | 65 63 74 63 33 30 31  |  -45
12:14:35.433 | 09 | 1282 | 65 63 74 63 33 30 31  |  -44
12:14:35.637 | 09 | 1283 | 65 63 74 63 33 30 31  |  -45
12:14:35.855 | 09 | 1284 | 65 63 74 63 33 30 31  |  -46
12:14:36.084 | 09 | 1285 | 65 63 74 63 33 30 31  |  -48
12:14:36.313 | 09 | 1286 | 65 63 74 63 33 30 31  |  -48
12:14:36.521 | 09 | 1287 | 65 63 74 63 33 30 31  |  -48
12:14:36.747 | 09 | 1288 | 65 63 74 63 33 30 31  |  -48
12:14:36.975 | 09 | 1289 | 65 63 74 63 33 30 31  |  -47
12:14:37.211 | 09 | 1290 | 65 63 74 63 33 30 31  |  -47
12:14:37.435 | 09 | 1291 | 65 63 74 63 33 30 31  |  -47
12:14:37.675 | 09 | 1292 | 65 63 74 63 33 30 31  |  -48
12:14:37.907 | 09 | 1293 | 65 63 74 63 33 30 31  |  -48
12:14:38.127 | 09 | 1294 | 65 63 74 63 33 30 31  |  -48
12:14:38.369 | 09 | 1295 | 65 63 74 63 33 30 31  |  -47
12:14:38.617 | 09 | 1296 | 65 63 74 63 33 30 31  |  -48
12:14:38.839 | 09 | 1297 | 65 63 74 63 33 30 31  |  -48
12:14:39.058 | 09 | 1298 | 65 63 74 63 33 30 31  |  -49
12:14:39.530 | 09 | 1299 | 65 63 74 63 33 30 31  |  -48
12:14:39.759 | 09 | 1300 | 65 63 74 63 33 30 31  |  -47
12:14:39.991 | 09 | 1301 | 65 63 74 63 33 30 31  |  -47
12:14:40.210 | 09 | 1302 | 65 63 74 63 33 30 31  |  -46
12:14:40.417 | 09 | 1303 | 65 63 74 63 33 30 31  |  -46
12:14:40.636 | 09 | 1304 | 65 63 74 63 33 30 31  |  -46
12:14:40.864 | 09 | 1305 | 65 63 74 63 33 30 31  |  -46
12:14:41.080 | 09 | 1306 | 65 63 74 63 33 30 31  |  -47
12:14:41.297 | 09 | 1307 | 65 63 74 63 33 30 31  |  -46
12:14:41.520 | 09 | 1308 | 65 63 74 63 33 30 31  |  -46
12:14:41.733 | 09 | 1309 | 65 63 74 63 33 30 31  |  -46
12:14:41.956 | 09 | 1310 | 65 63 74 63 33 30 31  |  -46
12:14:42.174 | 09 | 1311 | 65 63 74 63 33 30 31  |  -46
12:14:42.373 | 09 | 1312 | 65 63 74 63 33 30 31  |  -47
12:14:42.596 | 09 | 1313 | 65 63 74 63 33 30 31  |  -47
12:14:42.816 | 09 | 1314 | 65 63 74 63 33 30 31  |  -48
12:14:43.035 | 09 | 1315 | 65 63 74 63 33 30 31  |  -47
12:14:43.268 | 09 | 1316 | 65 63 74 63 33 30 31  |  -46
12:14:43.481 | 09 | 1317 | 65 63 74 63 33 30 31  |  -47
12:14:43.694 | 09 | 1318 | 65 63 74 63 33 30 31  |  -47
12:14:43.898 | 09 | 1319 | 65 63 74 63 33 30 31  |  -47
12:14:44.155 | 09 | 1320 | 65 63 74 63 33 30 31  |  -47
12:14:44.348 | 09 | 1321 | 65 63 74 63 33 30 31  |  -46
12:14:44.575 | 09 | 1322 | 65 63 74 63 33 30 31  |  -46
12:14:44.789 | 09 | 1323 | 65 63 74 63 33 30 31  |  -45
12:14:45.021 | 09 | 1324 | 65 63 74 63 33 30 31  |  -45
12:14:45.245 | 09 | 1325 | 65 63 74 63 33 30 31  |  -46
12:14:45.456 | 09 | 1326 | 65 63 74 63 33 30 31  |  -45
12:14:45.686 | 09 | 1327 | 65 63 74 63 33 30 31  |  -44
12:14:45.902 | 09 | 1328 | 65 63 74 63 33 30 31  |  -44
12:14:46.132 | 09 | 1329 | 65 63 74 63 33 30 31  |  -45
12:14:46.365 | 09 | 1330 | 65 63 74 63 33 30 31  |  -46
12:14:46.583 | 09 | 1331 | 65 63 74 63 33 30 31  |  -45
12:14:46.798 | 09 | 1332 | 65 63 74 63 33 30 31  |  -44
12:14:47.017 | 09 | 1333 | 65 63 74 63 33 30 31  |  -46
12:14:47.229 | 09 | 1334 | 65 63 74 63 33 30 31  |  -45
12:14:47.441 | 09 | 1335 | 65 63 74 63 33 30 31  |  -45
12:14:47.672 | 09 | 1336 | 65 63 74 63 33 30 31  |  -45
12:14:47.887 | 09 | 1337 | 65 63 74 63 33 30 31  |  -45
12:14:48.119 | 09 | 1338 | 65 63 74 63 33 30 31  |  -46
12:14:48.351 | 09 | 1339 | 65 63 74 63 33 30 31  |  -45
12:14:48.588 | 09 | 1340 | 65 63 74 63 33 30 31  |  -45
12:14:48.818 | 09 | 1341 | 65 63 74 63 33 30 31  |  -45
12:14:49.049 | 09 | 1342 | 65 63 74 63 33 30 31  |  -46
12:14:49.287 | 09 | 1343 | 65 63 74 63 33 30 31  |  -45
12:14:49.517 | 09 | 1344 | 65 63 74 63 33 30 31  |  -45
12:14:49.730 | 09 | 1345 | 65 63 74 63 33 30 31  |  -45
12:14:49.960 | 09 | 1346 | 65 63 74 63 33 30 31  |  -45
12:14:50.163 | 09 | 1347 | 65 63 74 63 33 30 31  |  -45
12:14:50.368 | 09 | 1348 | 65 63 74 63 33 30 31  |  -44
12:14:50.600 | 09 | 1349 | 65 63 74 63 33 30 31  |  -45
12:14:50.829 | 09 | 1350 | 65 63 74 63 33 30 31  |  -44
12:14:51.043 | 09 | 1351 | 65 63 74 63 33 30 31  |  -45
12:14:51.286 | 09 | 1352 | 65 63 74 63 33 30 31  |  -45
12:14:51.486 | 09 | 1353 | 65 63 74 63 33 30 31  |  -45
12:14:51.713 | 09 | 1354 | 65 63 74 63 33 30 31  |  -45
12:14:51.937 | 09 | 1355 | 65 63 74 63 33 30 31  |  -45
12:14:52.160 | 09 | 1356 | 65 63 74 63 33 30 31  |  -46
12:14:52.380 | 09 | 1357 | 65 63 74 63 33 30 31  |  -46
12:14:52.609 | 09 | 1358 | 65 63 74 63 33 30 31  |  -46
12:14:52.852 | 09 | 1359 | 65 63 74 63 33 30 31  |  -46
12:14:53.034 | 09 | 1360 | 65 63 74 63 33 30 31  |  -46
12:14:53.271 | 09 | 1361 | 65 63 74 63 33 30 31  |  -46
12:14:53.517 | 09 | 1362 | 65 63 74 63 33 30 31  |  -46
12:14:53.736 | 09 | 1363 | 65 63 74 63 33 30 31  |  -46
12:14:53.932 | 09 | 1364 | 65 63 74 63 33 30 31  |  -46
12:14:54.188 | 09 | 1365 | 65 63 74 63 33 30 31  |  -45
12:14:54.406 | 09 | 1366 | 65 63 74 63 33 30 31  |  -45
12:14:54.612 | 09 | 1367 | 65 63 74 63 33 30 31  |  -46
12:14:54.865 | 09 | 1368 | 65 63 74 63 33 30 31  |  -45
12:14:55.030 | 09 | 1369 | 65 63 74 63 33 30 31  |  -46
12:14:55.251 | 09 | 1370 | 65 63 74 63 33 30 31  |  -45
12:14:55.479 | 09 | 1371 | 65 63 74 63 33 30 31  |  -45
12:14:55.691 | 09 | 1372 | 65 63 74 63 33 30 31  |  -46
12:14:55.904 | 09 | 1373 | 65 63 74 63 33 30 31  |  -45
12:14:56.096 | 09 | 1374 | 65 63 74 63 33 30 31  |  -46
12:14:56.327 | 09 | 1375 | 65 63 74 63 33 30 31  |  -45
12:14:56.537 | 09 | 1376 | 65 63 74 63 33 30 31  |  -46
12:14:56.770 | 09 | 1377 | 65 63 74 63 33 30 31  |  -45
12:14:56.987 | 09 | 1378 | 65 63 74 63 33 30 31  |  -46
12:14:57.179 | 09 | 1379 | 65 63 74 63 33 30 31  |  -46
12:14:57.410 | 09 | 1380 | 65 63 74 63 33 30 31  |  -45
12:14:57.620 | 09 | 1381 | 65 63 74 63 33 30 31  |  -45
12:14:57.824 | 09 | 1382 | 65 63 74 63 33 30 31  |  -46
12:14:58.052 | 09 | 1383 | 65 63 74 63 33 30 31  |  -45
12:14:58.277 | 09 | 1384 | 65 63 74 63 33 30 31  |  -45
12:14:58.491 | 09 | 1385 | 65 63 74 63 33 30 31  |  -46
12:14:58.723 | 09 | 1386 | 65 63 74 63 33 30 31  |  -45
12:14:58.925 | 09 | 1387 | 65 63 74 63 33 30 31  |  -45
12:14:59.151 | 09 | 1388 | 65 63 74 63 33 30 31  |  -45
12:14:59.386 | 09 | 1389 | 65 63 74 63 33 30 31  |  -45
12:14:59.604 | 09 | 1390 | 65 63 74 63 33 30 31  |  -46
12:14:59.851 | 09 | 1391 | 65 63 74 63 33 30 31  |  -45
12:15:00.061 | 09 | 1392 | 65 63 74 63 33 30 31  |  -45
12:15:00.272 | 09 | 1393 | 65 63 74 63 33 30 31  |  -46
12:15:00.493 | 09 | 1394 | 65 63 74 63 33 30 31  |  -45
12:15:00.701 | 09 | 1395 | 65 63 74 63 33 30 31  |  -45
12:15:00.904 | 09 | 1396 | 65 63 74 63 33 30 31  |  -45
12:15:01.149 | 09 | 1397 | 65 63 74 63 33 30 31  |  -45
12:15:01.388 | 09 | 1398 | 65 63 74 63 33 30 31  |  -45
12:15:01.615 | 09 | 1399 | 65 63 74 63 33 30 31  |  -45
12:15:01.821 | 09 | 1400 | 65 63 74 63 33 30 31  |  -45
12:15:02.037 | 09 | 1401 | 65 63 74 63 33 30 31  |  -45
12:15:02.238 | 09 | 1402 | 65 63 74 63 33 30 31  |  -45
12:15:02.437 | 09 | 1403 | 65 63 74 63 33 30 31  |  -45
12:15:02.663 | 09 | 1404 | 65 63 74 63 33 30 31  |  -45
12:15:02.886 | 09 | 1405 | 65 63 74 63 33 30 31  |  -46
12:15:03.103 | 09 | 1406 | 65 63 74 63 33 30 31  |  -45
12:15:03.333 | 09 | 1407 | 65 63 74 63 33 30 31  |  -45
12:15:03.560 | 09 | 1408 | 65 63 74 63 33 30 31  |  -46
12:15:03.783 | 09 | 1409 | 65 63 74 63 33 30 31  |  -45
12:15:04.025 | 09 | 1410 | 65 63 74 63 33 30 31  |  -45
12:15:04.231 | 09 | 1411 | 65 63 74 63 33 30 31  |  -45
12:15:04.449 | 09 | 1412 | 65 63 74 63 33 30 31  |  -46
12:15:04.677 | 09 | 1413 | 65 63 74 63 33 30 31  |  -46
12:15:04.891 | 09 | 1414 | 65 63 74 63 33 30 31  |  -45
12:15:05.105 | 09 | 1415 | 65 63 74 63 33 30 31  |  -46
12:15:05.332 | 09 | 1416 | 65 63 74 63 33 30 31  |  -46
12:15:05.543 | 09 | 1417 | 65 63 74 63 33 30 31  |  -46
12:15:05.755 | 09 | 1418 | 65 63 74 63 33 30 31  |  -45
12:15:05.967 | 09 | 1419 | 65 63 74 63 33 30 31  |  -46
12:15:06.176 | 09 | 1420 | 65 63 74 63 33 30 31  |  -45
12:15:06.373 | 09 | 1421 | 65 63 74 63 33 30 31  |  -45
12:15:06.588 | 09 | 1422 | 65 63 74 63 33 30 31  |  -45
12:15:06.789 | 09 | 1423 | 65 63 74 63 33 30 31  |  -45
12:15:07.011 | 09 | 1424 | 65 63 74 63 33 30 31  |  -45
12:15:07.215 | 09 | 1425 | 65 63 74 63 33 30 31  |  -46
12:15:07.443 | 09 | 1426 | 65 63 74 63 33 30 31  |  -46
12:15:07.671 | 09 | 1427 | 65 63 74 63 33 30 31  |  -46
12:15:07.905 | 09 | 1428 | 65 63 74 63 33 30 31  |  -46
12:15:08.090 | 09 | 1429 | 65 63 74 63 33 30 31  |  -45
12:15:08.290 | 09 | 1430 | 65 63 74 63 33 30 31  |  -45
12:15:08.503 | 09 | 1431 | 65 63 74 63 33 30 31  |  -46
12:15:08.707 | 09 | 1432 | 65 63 74 63 33 30 31  |  -46
12:15:08.936 | 09 | 1433 | 65 63 74 63 33 30 31  |  -46
12:15:09.161 | 09 | 1434 | 65 63 74 63 33 30 31  |  -46
12:15:09.422 | 09 | 1435 | 65 63 74 63 33 30 31  |  -46
12:15:09.646 | 09 | 1436 | 65 63 74 63 33 30 31  |  -45
12:15:09.869 | 09 | 1437 | 65 63 74 63 33 30 31  |  -46
12:15:10.080 | 09 | 1438 | 65 63 74 63 33 30 31  |  -45
12:15:10.308 | 09 | 1439 | 65 63 74 63 33 30 31  |  -46
12:15:10.538 | 09 | 1440 | 65 63 74 63 33 30 31  |  -45
12:15:10.772 | 09 | 1441 | 65 63 74 63 33 30 31  |  -45
12:15:11.010 | 09 | 1442 | 65 63 74 63 33 30 31  |  -45
12:15:11.239 | 09 | 1443 | 65 63 74 63 33 30 31  |  -45
12:15:11.464 | 09 | 1444 | 65 63 74 63 33 30 31  |  -46
12:15:11.691 | 09 | 1445 | 65 63 74 63 33 30 31  |  -46
12:15:11.906 | 09 | 1446 | 65 63 74 63 33 30 31  |  -46
12:15:12.133 | 09 | 1447 | 65 63 74 63 33 30 31  |  -44
12:15:12.362 | 09 | 1448 | 65 63 74 63 33 30 31  |  -44
12:15:12.565 | 09 | 1449 | 65 63 74 63 33 30 31  |  -44
12:15:12.774 | 09 | 1450 | 65 63 74 63 33 30 31  |  -44
12:15:13.003 | 09 | 1451 | 65 63 74 63 33 30 31  |  -44
12:15:13.196 | 09 | 1452 | 65 63 74 63 33 30 31  |  -44
12:15:13.419 | 09 | 1453 | 65 63 74 63 33 30 31  |  -44
12:15:13.658 | 09 | 1454 | 65 63 74 63 33 30 31  |  -44
12:15:13.886 | 09 | 1455 | 65 63 74 63 33 30 31  |  -44
12:15:14.091 | 09 | 1456 | 65 63 74 63 33 30 31  |  -44
12:15:14.288 | 09 | 1457 | 65 63 74 63 33 30 31  |  -44
12:15:14.517 | 09 | 1458 | 65 63 74 63 33 30 31  |  -44
12:15:14.711 | 09 | 1459 | 65 63 74 63 33 30 31  |  -44
12:15:14.931 | 09 | 1460 | 65 63 74 63 33 30 31  |  -45
12:15:15.156 | 09 | 1461 | 65 63 74 63 33 30 31  |  -45
12:15:15.363 | 09 | 1462 | 65 63 74 63 33 30 31  |  -45
12:15:15.558 | 09 | 1463 | 65 63 74 63 33 30 31  |  -44
12:15:15.745 | 09 | 1464 | 65 63 74 63 33 30 31  |  -44
12:15:15.937 | 09 | 1465 | 65 63 74 63 33 30 31  |  -44
12:15:16.160 | 09 | 1466 | 65 63 74 63 33 30 31  |  -44
12:15:16.379 | 09 | 1467 | 65 63 74 63 33 30 31  |  -44
12:15:16.618 | 09 | 1468 | 65 63 74 63 33 30 31  |  -44
12:15:16.851 | 09 | 1469 | 65 63 74 63 33 30 31  |  -45
12:15:17.060 | 09 | 1470 | 65 63 74 63 33 30 31  |  -44
12:15:17.275 | 09 | 1471 | 65 63 74 63 33 30 31  |  -44
12:15:17.484 | 09 | 1472 | 65 63 74 63 33 30 31  |  -44
12:15:17.692 | 09 | 1473 | 65 63 74 63 33 30 31  |  -44
12:15:17.885 | 09 | 1474 | 65 63 74 63 33 30 31  |  -44
12:15:18.091 | 09 | 1475 | 65 63 74 63 33 30 31  |  -44
12:15:18.300 | 09 | 1476 | 65 63 74 63 33 30 31  |  -44
12:15:18.505 | 09 | 1477 | 65 63 74 63 33 30 31  |  -44
12:15:18.704 | 09 | 1478 | 65 63 74 63 33 30 31  |  -44
12:15:18.902 | 09 | 1479 | 65 63 74 63 33 30 31  |  -44
12:15:19.100 | 09 | 1480 | 65 63 74 63 33 30 31  |  -44
12:15:19.317 | 09 | 1481 | 65 63 74 63 33 30 31  |  -44
12:15:19.553 | 09 | 1482 | 65 63 74 63 33 30 31  |  -44
12:15:19.774 | 09 | 1483 | 65 63 74 63 33 30 31  |  -44
12:15:19.993 | 09 | 1484 | 65 63 74 63 33 30 31  |  -44
12:15:20.217 | 09 | 1485 | 65 63 74 63 33 30 31  |  -44
12:15:20.434 | 09 | 1486 | 65 63 74 63 33 30 31  |  -44
12:15:20.646 | 09 | 1487 | 65 63 74 63 33 30 31  |  -45
12:15:20.874 | 09 | 1488 | 65 63 74 63 33 30 31  |  -44
12:15:21.102 | 09 | 1489 | 65 63 74 63 33 30 31  |  -44
12:15:21.338 | 09 | 1490 | 65 63 74 63 33 30 31  |  -44
12:15:21.563 | 09 | 1491 | 65 63 74 63 33 30 31  |  -44
12:15:21.789 | 09 | 1492 | 65 63 74 63 33 30 31  |  -44
12:15:21.988 | 09 | 1493 | 65 63 74 63 33 30 31  |  -44
12:15:22.188 | 09 | 1494 | 65 63 74 63 33 30 31  |  -44
12:15:22.401 | 09 | 1495 | 65 63 74 63 33 30 31  |  -44
12:15:22.588 | 09 | 1496 | 65 63 74 63 33 30 31  |  -45
12:15:22.785 | 09 | 1497 | 65 63 74 63 33 30 31  |  -45
12:15:22.999 | 09 | 1498 | 65 63 74 63 33 30 31  |  -44
12:15:23.205 | 09 | 1499 | 65 63 74 63 33 30 31  |  -44
